  -1.1644005e+01
   7.0044632e+01
  -4.5753912e+01
  -4.5753912e+01
  -7.7229182e+01
  -7.7229182e+01
   2.3903201e+01
   2.3903201e+01
   9.2455265e+01
   9.2455265e+01
  -5.0496588e+01
  -5.0496588e+01
   1.0959306e+02
   1.0959306e+02
   2.6604089e+01
   2.6604089e+01
   8.5497069e+01
   8.5497069e+01
  -9.5528432e+01
  -9.5528432e+01
  -1.1882673e+02
  -1.1882673e+02
  -1.3943102e+02
  -1.3144804e+02
  -1.3144804e+02
  -5.0545154e+01
  -5.0545154e+01
   1.0672037e+02
   1.0672037e+02
   7.9985444e+01
   7.9985444e+01
   1.6467514e+02
   1.6467514e+02
   1.8534195e+02
   3.6789262e+01
   3.6789262e+01
  -1.5769644e+02
  -1.5769644e+02
  -9.7266036e+00
  -9.7266036e+00
  -1.1272843e+02
  -1.1272843e+02
   9.2734200e+01
   9.2734200e+01
  -6.9070829e+01
  -6.9070829e+01
  -2.0643259e+02
  -2.0643259e+02
   1.7243637e+02
   1.7243637e+02
   2.1631157e+02
   2.1631157e+02
   1.4325223e+02
   1.4325223e+02
   2.2659614e+02
   2.2659614e+02
  -1.7583779e+02
  -1.7583779e+02
  -1.4877347e+02
  -1.4877347e+02
   2.3386605e+02
   2.3386605e+02
  -2.3953367e+02
  -2.3953367e+02
   1.0336271e+02
   1.0336271e+02
  -4.3400830e+01
  -4.3400830e+01
  -1.3941017e+02
  -1.3941017e+02
   2.3666349e+02
   2.3666349e+02
   2.6864929e+02
  -2.7075013e+02
  -9.5305839e+01
  -9.5305839e+01
  -2.0543539e+02
  -2.0543539e+02
   9.1822101e+01
   9.1822101e+01
   1.9997430e+02
   1.9997430e+02
  -2.4091124e+02
  -2.4091124e+02
   1.9967910e+01
   1.9967910e+01
  -2.7311958e+02
  -2.7311958e+02
  -2.4939150e+02
  -2.4939150e+02
  -2.9770076e+02
   2.9279701e+02
   2.9279701e+02
   5.0537895e+01
   5.0537895e+01
   2.2039949e+02
   2.2039949e+02
   1.4751595e+02
   1.4751595e+02
   2.8485834e+02
   2.8485834e+02
   3.1507149e+02
  -2.1223928e+02
  -2.1223928e+02
  -5.9727294e+01
  -5.9727294e+01
  -3.2834694e+02
   2.9313814e+02
   2.9313814e+02
  -1.0684989e+02
  -1.0684989e+02
  -2.0646787e+02
  -2.0646787e+02
  -3.1542618e+02
  -3.1542618e+02
  -1.7303575e+02
  -1.7303575e+02
  -1.4440130e+02
  -1.4440130e+02
   1.2824600e+01
   1.2824600e+01
   2.1854535e+02
   2.1854535e+02
   2.0316661e+02
   2.0316661e+02
  -3.4422264e+02
  -3.4422264e+02
   3.3586011e+02
   3.3586011e+02
  -3.3429468e+02
  -3.3429468e+02
   3.0425709e+02
   3.0425709e+02
   3.5454957e+02
   3.5454957e+02
   9.2064864e+01
   9.2064864e+01
   2.5808520e+02
   2.5808520e+02
  -2.0162355e+02
  -2.0162355e+02
   1.6994993e+02
   1.6994993e+02
  -1.1594024e+00
  -1.1594024e+00
  -3.6990504e+02
  -3.6990504e+02
   2.7432429e+02
   2.7432429e+02
  -3.4483294e+02
  -3.4483294e+02
  -3.0345683e+02
  -3.0345683e+02
  -3.2658311e+02
  -3.2658311e+02
   3.9662323e+02
  -8.8729297e+01
  -8.8729297e+01
  -3.6830694e+01
  -3.6830694e+01
   9.0480088e+01
   9.0480088e+01
   1.4841529e+02
   1.4841529e+02
  -1.7259557e+02
  -1.7259557e+02
   3.8107325e+02
   3.8107325e+02
  -2.2780858e+01
  -2.2780858e+01
   3.2758090e+02
   3.2758090e+02
   4.0825401e+02
   4.0825401e+02
  -4.1407530e+02
  -4.1407530e+02
  -2.1390378e+02
  -2.1390378e+02
   3.7472772e+01
   3.7472772e+01
  -3.1714754e+02
  -3.1714754e+02
   2.5570132e+02
   2.5570132e+02
   2.9328406e+02
   2.9328406e+02
  -4.0005435e+02
  -4.0005435e+02
   4.1641275e+02
   4.1641275e+02
  -4.3753116e+02
   4.3589042e+02
   4.3589042e+02
  -1.4282124e+02
  -1.4282124e+02
   1.7892755e+02
   1.7892755e+02
  -2.9881841e+02
  -2.9881841e+02
  -3.6413978e+02
  -3.6413978e+02
   3.6648941e+02
   3.6648941e+02
   3.2685664e+02
   3.2685664e+02
  -4.3947716e+02
  -4.3947716e+02
  -4.2688919e+02
  -4.2688919e+02
   2.3266512e+02
   2.3266512e+02
  -4.5102309e+02
  -4.5102309e+02
  -1.7717670e+02
  -1.7717670e+02
   1.0894518e+02
   1.0894518e+02
   3.9963981e+02
   3.9963981e+02
   1.6078585e+02
   1.6078585e+02
   6.7489580e+00
   6.7489580e+00
   4.7168221e+02
   4.7168221e+02
  -1.2659574e+02
  -1.2659574e+02
   4.3876069e+02
   4.3876069e+02
  -3.1161552e+02
  -3.1161552e+02
  -3.4968840e+02
  -3.4968840e+02
   4.5964419e+02
   4.5964419e+02
   3.1725615e+02
   3.1725615e+02
   4.7591676e+02
   4.7591676e+02
  -9.6663618e+01
  -9.6663618e+01
  -4.8476243e+02
  -1.9883580e+02
  -1.9883580e+02
  -4.4544771e+02
  -4.4544771e+02
   4.1297120e+02
   4.1297120e+02
  -3.9375684e+02
  -3.9375684e+02
   2.8409653e+02
   2.8409653e+02
  -1.9776560e+02
  -1.9776560e+02
  -5.0002746e+02
  -5.0002746e+02
  -2.7894611e+02
  -2.7894611e+02
  -5.0718047e+02
  -3.8965836e+01
  -3.8965836e+01
   4.2850186e+02
   4.2850186e+02
  -3.7848653e+02
  -3.7848653e+02
  -4.3405551e+01
  -4.3405551e+01
  -4.6175243e+02
  -4.6175243e+02
   3.6483723e+01
   3.6483723e+01
  -4.2423718e+02
  -4.2423718e+02
   9.7163334e+01
   9.7163334e+01
  -3.9485416e+02
  -3.9485416e+02
   5.1873994e+02
   5.1873994e+02
   2.0996930e+02
   2.0996930e+02
   2.5964652e+02
   2.5964652e+02
   3.5240930e+01
   3.5240930e+01
   1.7323047e+02
   1.7323047e+02
  -3.1820538e+02
  -3.1820538e+02
  -5.3922177e+02
  -4.7868537e+02
  -4.7868537e+02
   1.7127651e+01
   1.7127651e+01
  -1.6045975e+02
  -1.6045975e+02
   3.2347570e+02
   3.2347570e+02
   4.4997191e+02
   4.4997191e+02
   5.1236598e+02
   5.1236598e+02
   5.5243507e+02
   5.5243507e+02
  -3.7972787e+02
  -3.7972787e+02
  -5.3927469e+02
  -5.3927469e+02
   2.8772206e+02
   2.8772206e+02
  -5.5702461e+02
  -5.5702461e+02
   5.6143516e+02
   5.0657954e+02
   5.0657954e+02
   3.8965238e+02
   3.8965238e+02
  -5.6232029e+02
  -5.6232029e+02
  -5.5549855e+02
  -5.5549855e+02
   4.1132211e+02
   4.1132211e+02
   5.5619664e+02
   5.5619664e+02
  -1.9739878e+02
  -1.9739878e+02
   3.5853585e+02
   3.5853585e+02
  -1.0943651e+02
  -1.0943651e+02
   1.6006612e+02
   1.6006612e+02
  -3.0122294e+02
  -3.0122294e+02
  -4.3651261e+02
  -4.3651261e+02
   5.1214521e+01
   5.1214521e+01
  -5.2999094e+02
  -5.2999094e+02
   5.8006677e+02
   5.8006677e+02
  -5.1126868e+02
  -5.1126868e+02
  -2.6028755e+02
  -2.6028755e+02
   5.0149995e+02
   5.0149995e+02
  -1.1363170e+00
  -1.1363170e+00
   5.6246156e+02
   5.6246156e+02
  -6.0441630e+02
  -6.0441630e+02
  -2.2182662e+02
  -2.2182662e+02
   5.3971101e+02
   5.3971101e+02
  -3.6380390e+02
  -3.6380390e+02
   5.8238667e+02
   5.8238667e+02
  -5.8042105e+02
  -5.8042105e+02
  -3.7611848e+02
  -3.7611848e+02
   2.6651111e+02
   2.6651111e+02
   3.3126770e+02
   3.3126770e+02
  -4.8413436e+01
  -4.8413436e+01
  -3.2927662e+02
  -3.2927662e+02
  -1.3847748e+02
  -1.3847748e+02
  -4.9747707e+02
  -4.9747707e+02
   9.5283790e+01
   9.5283790e+01
  -4.1570446e+02
  -4.1570446e+02
   4.8961093e+02
   4.8961093e+02
   4.1936365e+02
   4.1936365e+02
   6.1318136e+02
   6.1318136e+02
  -5.1702762e+02
  -5.1702762e+02
   4.5268214e+02
   4.5268214e+02
   5.5508733e+02
   5.5508733e+02
   6.3144255e+02
   3.6466690e+02
   3.6466690e+02
   1.5490238e+02
   1.5490238e+02
  -7.4402073e+01
  -7.4402073e+01
   5.7553458e+02
   5.7553458e+02
  -6.2606527e+02
  -6.2606527e+02
   2.3095758e+01
   2.3095758e+01
   2.4946681e+02
   2.4946681e+02
   5.1489761e+02
   5.1489761e+02
   6.4348046e+02
   6.4348046e+02
  -6.4821789e+02
  -1.6880998e+02
  -1.6880998e+02
  -6.1772548e+02
  -6.1772548e+02
  -6.0024671e+02
  -6.0024671e+02
   4.3767817e+02
   4.3767817e+02
   6.4951622e+02
   6.4951622e+02
  -6.5222173e+02
  -6.5222173e+02
  -5.6012809e+02
  -5.6012809e+02
  -4.7825871e+02
  -4.7825871e+02
  -3.8021247e+02
  -3.8021247e+02
  -2.1459358e+02
  -2.1459358e+02
  -5.1143523e+02
  -5.1143523e+02
  -6.4582156e+02
  -6.4582156e+02
   6.3137103e+02
   6.3137103e+02
   2.3140327e+01
   2.3140327e+01
   1.8966548e+02
   1.8966548e+02
  -6.3597979e+02
  -6.3597979e+02
   6.6147393e+02
   1.1387235e+02
   1.1387235e+02
   9.8910126e+01
   9.8910126e+01
   3.2927136e+02
   3.2927136e+02
   5.1040612e+02
   5.1040612e+02
   6.6776374e+02
   3.6150588e+02
   3.6150588e+02
  -2.7172183e+02
  -2.7172183e+02
   4.7604737e+02
   4.7604737e+02
  -6.6561864e+02
  -6.6561864e+02
   6.3715440e+02
   6.3715440e+02
  -4.2977168e+01
  -4.2977168e+01
  -2.9666990e+02
  -2.9666990e+02
   2.7549776e+02
   2.7549776e+02
   5.7062848e+02
   5.7062848e+02
  -2.0000830e+02
  -2.0000830e+02
  -5.6456070e+02
  -5.6456070e+02
  -6.0399966e+02
  -6.0399966e+02
   6.8629873e+02
   6.8629873e+02
   6.6987631e+02
   6.6987631e+02
  -4.3008687e+02
  -4.3008687e+02
   1.5186694e+02
   1.5186694e+02
  -6.9736495e+02
  -6.9736495e+02
   4.0740799e+02
   4.0740799e+02
  -1.5006193e+02
  -1.5006193e+02
   7.0113202e+02
   7.0113202e+02
   6.3881813e+02
   6.3881813e+02
  -4.7537902e+02
  -4.7537902e+02
  -3.7957400e+02
  -3.7957400e+02
  -6.5255231e+02
  -6.5255231e+02
  -2.6416883e+02
  -2.6416883e+02
   6.6280970e+01
   6.6280970e+01
  -6.9006966e+02
  -6.9006966e+02
   5.3308109e+02
   5.3308109e+02
   3.5039749e+02
   3.5039749e+02
   2.9635525e+02
   2.9635525e+02
  -5.2116226e+02
  -5.2116226e+02
   6.3368417e+02
   6.3368417e+02
  -6.1471451e+02
  -6.1471451e+02
  -3.6895842e+01
  -3.6895842e+01
  -5.8588173e+02
  -5.8588173e+02
   2.7375835e+02
   2.7375835e+02
  -6.7795031e+02
  -6.7795031e+02
  -1.2282028e+02
  -1.2282028e+02
   7.0278404e+02
   7.0278404e+02
  -3.8778221e+02
  -3.8778221e+02
   4.5845824e+02
   4.5845824e+02
  -3.2156750e+02
  -3.2156750e+02
   1.4686444e+02
   1.4686444e+02
  -1.7304707e+02
  -1.7304707e+02
   1.2734382e-01
   1.2734382e-01
  -4.1684970e+02
  -4.1684970e+02
   6.0455820e+02
   6.0455820e+02
   5.4370357e+02
   5.4370357e+02
   5.1243809e+02
   5.1243809e+02
   6.6556623e+02
   6.6556623e+02
  -7.1927292e+02
  -7.1927292e+02
   7.3531363e+02
   7.3531363e+02
   3.6409629e+02
   3.6409629e+02
  -7.4711459e+02
  -7.4711459e+02
   2.7032265e+02
   2.7032265e+02
  -2.0691734e+02
  -2.0691734e+02
   6.3129443e+02
   6.3129443e+02
  -6.6071679e+02
  -6.6071679e+02
   7.1928768e+02
   7.1928768e+02
  -6.3949622e+02
  -6.3949622e+02
  -4.8216507e+02
  -4.8216507e+02
  -4.9203831e+01
  -4.9203831e+01
  -5.7664441e+02
  -5.7664441e+02
   7.5301293e+02
   7.5301293e+02
  -7.6079083e+02
   6.0516304e+02
   6.0516304e+02
   7.6367551e+02
   7.6367551e+02
   6.5331988e+02
   6.5331988e+02
   8.8709099e+01
   8.8709099e+01
  -7.6352849e+02
  -7.6352849e+02
  -7.5480696e+02
  -7.5480696e+02
   6.9757919e+02
   6.9757919e+02
   3.7261619e+02
   3.7261619e+02
   1.9140104e+02
   1.9140104e+02
   5.7523079e+01
   5.7523079e+01
   4.5151589e+02
   4.5151589e+02
  -2.9958806e+02
  -2.9958806e+02
   3.0312679e+02
   3.0312679e+02
   5.0518331e+02
   5.0518331e+02
  -5.4281385e+02
  -5.4281385e+02
  -6.7136219e+02
  -6.7136219e+02
  -6.0252431e+01
  -6.0252431e+01
  -7.4433752e+02
  -7.4433752e+02
  -5.7117359e+02
  -5.7117359e+02
   7.4517312e+02
   7.4517312e+02
  -3.3594167e+02
  -3.3594167e+02
   5.6822001e+02
   5.6822001e+02
  -4.8376519e+02
  -4.8376519e+02
   4.3123835e+02
   4.3123835e+02
  -6.2868074e+02
  -6.2868074e+02
  -2.5254765e+02
  -2.5254765e+02
   7.8838445e+02
   7.8838445e+02
   6.0062011e+02
   6.0062011e+02
  -4.2141100e+02
  -4.2141100e+02
  -2.9838639e+02
  -2.9838639e+02
  -7.8646370e+02
  -7.8646370e+02
  -1.5936058e+02
  -1.5936058e+02
  -7.2094355e+02
  -7.2094355e+02
   3.2327666e+01
   3.2327666e+01
   7.8813410e+02
   7.8813410e+02
   7.5876889e+02
   7.5876889e+02
  -7.5258690e+02
  -7.5258690e+02
   7.8212828e+02
   7.8212828e+02
  -4.4043997e+02
  -4.4043997e+02
  -3.5789474e+02
  -3.5789474e+02
  -7.0470153e+02
  -7.0470153e+02
   5.1275718e+02
   5.1275718e+02
   2.1091088e+02
   2.1091088e+02
  -7.9254963e+02
  -7.9254963e+02
  -8.2411959e+02
  -8.2411959e+02
  -8.4581646e+01
  -8.4581646e+01
   1.0465918e+02
   1.0465918e+02
  -7.2713100e+02
  -7.2713100e+02
   6.7505202e+02
   6.7505202e+02
  -1.8249010e+02
  -1.8249010e+02
   8.2966462e+02
   8.2966462e+02
   2.6915523e+02
   2.6915523e+02
   1.6343632e+01
   1.6343632e+01
   1.5604369e+02
   1.5604369e+02
  -7.6799950e+02
  -7.6799950e+02
   6.6303119e+02
   6.6303119e+02
  -6.0289494e+02
  -6.0289494e+02
   8.3286787e+02
   8.3286787e+02
   3.2990078e+02
   3.2990078e+02
  -1.9572194e+02
  -1.9572194e+02
  -5.8123536e+02
  -5.8123536e+02
   5.6681589e+02
   5.6681589e+02
   4.1594276e+02
   4.1594276e+02
  -8.4830404e+02
  -8.4830404e+02
   8.4596846e+02
   8.4596846e+02
   7.5387270e+02
   7.5387270e+02
   3.0558738e+02
   3.0558738e+02
   8.5336912e+02
  -8.0000834e+02
  -8.0000834e+02
   7.1582734e+02
   7.1582734e+02
   7.4087162e+02
   7.4087162e+02
  -5.2399940e+02
  -5.2399940e+02
  -8.4064774e+02
  -8.4064774e+02
  -6.6596167e+02
  -6.6596167e+02
  -8.5261566e+02
  -8.5261566e+02
   8.4836815e+02
   8.4836815e+02
  -5.0189930e+01
  -5.0189930e+01
   7.8512614e+02
   7.8512614e+02
  -3.2852605e+02
  -3.2852605e+02
   5.3843462e+02
   5.3843462e+02
   3.4554222e+02
   3.4554222e+02
   2.4196641e+02
   2.4196641e+02
  -1.1191319e+01
  -1.1191319e+01
  -7.0775727e+02
  -7.0775727e+02
  -5.7071416e+02
  -5.7071416e+02
   4.4387969e+02
   4.4387969e+02
  -8.2445342e+02
  -8.2445342e+02
  -1.7456247e+02
  -1.7456247e+02
   8.2590061e+02
   8.2590061e+02
   1.5029331e+02
   1.5029331e+02
   8.4764238e+02
   8.4764238e+02
  -6.2376733e+02
  -6.2376733e+02
  -1.0100098e+02
  -1.0100098e+02
  -3.6201604e+02
  -3.6201604e+02
  -8.7280614e+02
  -8.7280614e+02
   8.8283954e+02
  -5.8900450e+02
  -5.8900450e+02
   2.3999641e+02
   2.3999641e+02
  -2.5671817e+02
  -2.5671817e+02
  -3.8994275e+02
  -3.8994275e+02
   8.4870235e+02
   8.4870235e+02
  -7.5126721e+02
  -7.5126721e+02
  -8.8898513e+02
   7.5925906e+02
   7.5925906e+02
  -4.8383807e+02
  -4.8383807e+02
   7.5519778e+02
   7.5519778e+02
   4.9460872e+02
   4.9460872e+02
   4.3683942e+02
   4.3683942e+02
  -4.6807700e+02
  -4.6807700e+02
   8.9978885e+01
   8.9978885e+01
  -8.9813376e+02
  -8.9813376e+02
  -7.0293474e+02
  -7.0293474e+02
   8.9895070e+02
   8.8556912e+02
   8.8556912e+02
  -8.5215841e+01
  -8.5215841e+01
  -3.6576169e+02
  -3.6576169e+02
   1.2172435e+02
   1.2172435e+02
   6.5487364e+02
   6.5487364e+02
   8.6172508e+02
   8.6172508e+02
   5.8639592e+02
   5.8639592e+02
  -1.1993942e+01
  -1.1993942e+01
   4.7242473e+02
   4.7242473e+02
  -8.2461133e+02
  -8.2461133e+02
  -8.8790677e+02
  -8.8790677e+02
  -8.1051248e+02
  -8.1051248e+02
   6.8373658e+02
   6.8373658e+02
  -8.8815909e+02
  -8.8815909e+02
   2.0177716e+02
   2.0177716e+02
  -4.4898083e+02
  -4.4898083e+02
  -8.5601600e+02
  -8.5601600e+02
  -2.7395863e+02
  -2.7395863e+02
  -8.8328267e+02
  -8.8328267e+02
   6.6925347e+01
   6.6925347e+01
  -5.7019903e+02
  -5.7019903e+02
   7.4351209e+02
   7.4351209e+02
   7.9846688e+02
   7.9846688e+02
  -8.1269294e+02
  -8.1269294e+02
  -9.0641815e+02
  -9.0641815e+02
   1.4054438e+02
   1.4054438e+02
  -1.0309813e+02
  -1.0309813e+02
   3.0138715e+02
   3.0138715e+02
   3.3595496e+02
   3.3595496e+02
  -6.8616154e+02
  -6.8616154e+02
   5.7178444e+02
   5.7178444e+02
   9.1890051e+02
   9.1890051e+02
   2.4903669e+01
   2.4903669e+01
  -7.4008408e+02
  -7.4008408e+02
  -4.2611830e+02
  -4.2611830e+02
   8.5762569e+02
   8.5762569e+02
  -4.8365122e+02
  -4.8365122e+02
   2.4736567e+02
   2.4736567e+02
   7.3754006e+02
   7.3754006e+02
   6.7096854e+02
   6.7096854e+02
  -3.2357767e+02
  -3.2357767e+02
  -2.1781245e+02
  -2.1781245e+02
   5.6538274e+02
   5.6538274e+02
   8.4777822e+02
   8.4777822e+02
   9.2701843e+02
   9.2701843e+02
  -1.6123727e+02
  -1.6123727e+02
  -8.6376984e+02
  -8.6376984e+02
  -9.1270504e+02
  -9.1270504e+02
   4.9959292e+02
   4.9959292e+02
   7.0139355e+02
   7.0139355e+02
   9.0824969e+02
   9.0824969e+02
   7.9912565e+02
   7.9912565e+02
   9.5385385e+02
  -7.8489798e+02
  -7.8489798e+02
   6.6471328e+02
   6.6471328e+02
   5.8757554e+01
   5.8757554e+01
   9.2860008e+02
   9.2860008e+02
  -2.5559305e+02
  -2.5559305e+02
   8.9190659e+02
   8.9190659e+02
   8.3036078e+02
   8.3036078e+02
  -4.1806172e+01
  -4.1806172e+01
  -7.1146876e+02
  -7.1146876e+02
   9.5780585e+02
   9.5780585e+02
  -9.6496098e+02
  -9.6496098e+02
  -6.1536742e+02
  -6.1536742e+02
   1.7937434e+02
   1.7937434e+02
  -6.7000834e+02
  -6.7000834e+02
   8.7697305e+02
   8.7697305e+02
   4.7684967e+02
   4.7684967e+02
  -9.9450537e+01
  -9.9450537e+01
  -5.6833676e+02
  -5.6833676e+02
   6.7662312e+02
   6.7662312e+02
  -7.8978263e+02
  -7.8978263e+02
   3.3440318e+02
   3.3440318e+02
   9.7335547e+02
   9.7335547e+02
  -2.8179296e+02
  -2.8179296e+02
  -7.4473677e+02
  -7.4473677e+02
  -8.5329112e+02
  -8.5329112e+02
  -9.7697717e+02
  -9.7697717e+02
   4.3093930e+02
   4.3093930e+02
  -9.3282953e+02
  -9.3282953e+02
  -8.1991240e+02
  -8.1991240e+02
  -8.8710442e+02
  -8.8710442e+02
   9.8346420e+02
   9.8346420e+02
   7.7802736e+02
   7.7802736e+02
   2.9249995e+02
   2.9249995e+02
   6.3478291e+02
   6.3478291e+02
   1.6219592e+02
   1.6219592e+02
  -6.4758679e+02
  -6.4758679e+02
  -9.6843862e+02
  -9.6843862e+02
  -3.9859743e+02
  -3.9859743e+02
  -5.4014569e+02
  -5.4014569e+02
  -9.8964743e+02
  -9.8964743e+02
   9.7930179e+02
   9.7930179e+02
   4.7413359e+02
   4.7413359e+02
  -4.8652394e+02
  -4.8652394e+02
  -6.8668115e+02
  -6.8668115e+02
   5.3244616e+02
   5.3244616e+02
   6.6077589e+02
   6.6077589e+02
   8.8839058e+02
   8.8839058e+02
  -9.3203009e+02
  -9.3203009e+02
   8.1364101e+02
   8.1364101e+02
   2.3076877e+02
   2.3076877e+02
   5.9079045e+02
   5.9079045e+02
  -5.2312747e+02
  -5.2312747e+02
  -2.4054832e+02
  -2.4054832e+02
  -8.8943366e+02
  -8.8943366e+02
  -7.8243450e+02
  -7.8243450e+02
  -4.5627036e+02
  -4.5627036e+02
  -9.6431806e+02
  -9.6431806e+02
   9.3518356e+02
   9.3518356e+02
   7.9032307e+02
   7.9032307e+02
  -8.7405218e+02
  -8.7405218e+02
   4.5452108e+02
   4.5452108e+02
   6.6741059e+01
   6.6741059e+01
  -1.0129006e+03
  -1.0129006e+03
   1.0100202e+03
   1.0100202e+03
  -9.8843121e+02
  -9.8843121e+02
   8.5269907e+02
   8.5269907e+02
   8.8526270e+02
   8.8526270e+02
   9.5795681e+02
   9.5795681e+02
   9.2662456e+02
   9.2662456e+02
  -1.3945636e+02
  -1.3945636e+02
  -9.3168275e+02
  -9.3168275e+02
   1.6945651e+02
   1.6945651e+02
   5.8398271e+02
   5.8398271e+02
   1.0039942e+03
   1.0039942e+03
   6.2273296e+00
   6.2273296e+00
  -1.0153336e+03
  -1.0153336e+03
   6.9897565e+02
   6.9897565e+02
  -3.3591281e+02
  -3.3591281e+02
   1.0304806e+03
   1.0304806e+03
  -1.0336691e+03
   1.0051751e+03
   1.0051751e+03
  -7.3659097e+01
  -7.3659097e+01
  -6.6713944e+02
  -6.6713944e+02
  -7.3820119e+02
  -7.3820119e+02
   5.7092859e+02
   5.7092859e+02
  -1.2333845e+02
  -1.2333845e+02
  -5.0042226e+02
  -5.0042226e+02
  -8.5821871e+02
  -8.5821871e+02
   9.7524032e+02
   9.7524032e+02
  -2.9290999e+02
  -2.9290999e+02
  -1.8314087e+02
  -1.8314087e+02
  -7.6114226e+02
  -7.6114226e+02
  -5.6024169e+02
  -5.6024169e+02
   1.0477023e+03
  -9.3529914e+02
  -9.3529914e+02
  -9.6795732e+02
  -9.6795732e+02
   3.6800836e+02
   3.6800836e+02
   7.7146226e+02
   7.7146226e+02
   6.7589383e+02
   6.7589383e+02
   2.2640356e+02
   2.2640356e+02
  -1.0554692e+03
  -1.0554692e+03
   1.0546404e+03
   1.0546404e+03
  -6.9362556e+02
  -6.9362556e+02
  -1.0301641e+03
  -1.0301641e+03
  -9.9606207e+02
  -9.9606207e+02
  -1.0273586e+03
  -1.0273586e+03
   9.8333814e+02
   9.8333814e+02
   9.4487088e+02
   9.4487088e+02
  -8.9767760e+02
  -8.9767760e+02
   1.2451335e+02
   1.2451335e+02
  -5.1351072e+02
  -5.1351072e+02
   1.0105443e+03
   1.0105443e+03
   3.5891473e+02
   3.5891473e+02
   6.2880097e+02
   6.2880097e+02
   2.9578953e+02
   2.9578953e+02
   8.0163425e+01
   8.0163425e+01
  -8.5072842e+02
  -8.5072842e+02
  -4.3995401e+02
  -4.3995401e+02
  -1.0690017e+03
  -1.0690017e+03
   8.1534558e+02
   8.1534558e+02
  -7.3227771e+01
  -7.3227771e+01
   5.5904383e+02
   5.5904383e+02
  -4.0780197e+02
  -4.0780197e+02
  -2.8645143e+02
  -2.8645143e+02
  -2.5297794e+02
  -2.5297794e+02
   9.1310112e+02
   9.1310112e+02
   4.2886444e+02
   4.2886444e+02
   1.0683511e+03
   1.0683511e+03
  -6.6338178e+02
  -6.6338178e+02
   8.8450818e+02
   8.8450818e+02
  -1.0830304e+03
  -1.0649773e+03
  -1.0649773e+03
  -8.3640264e+02
  -8.3640264e+02
   1.0680036e+03
   1.0680036e+03
   5.3067173e+02
   5.3067173e+02
   1.0464625e+03
   1.0464625e+03
  -7.3716426e+02
  -7.3716426e+02
   2.0045464e+02
   2.0045464e+02
  -5.9343861e+01
  -5.9343861e+01
  -3.2964436e+02
  -3.2964436e+02
   1.3640097e+01
   1.3640097e+01
  -3.5830490e+02
  -3.5830490e+02
   3.1219332e+02
   3.1219332e+02
  -1.0916472e+03
  -1.0916472e+03
  -1.0236416e+03
  -1.0236416e+03
   8.3939356e+02
   8.3939356e+02
   5.5621423e+02
   5.5621423e+02
   9.6190418e+02
   9.6190418e+02
  -6.3448404e+00
  -6.3448404e+00
   7.1022488e+02
   7.1022488e+02
   1.6314351e+02
   1.6314351e+02
  -5.9567900e+02
  -5.9567900e+02
  -1.0947636e+03
  -1.0947636e+03
  -5.6574084e+02
  -5.6574084e+02
   1.1012312e+03
   1.1012312e+03
  -1.5594901e+02
  -1.5594901e+02
  -5.2071571e+02
  -5.2071571e+02
   5.1063816e+02
   5.1063816e+02
  -1.0284434e+02
  -1.0284434e+02
   1.1091342e+03
   1.1091342e+03
   8.1350803e+02
   8.1350803e+02
  -9.8698565e+02
  -9.8698565e+02
  -1.9615398e+02
  -1.9615398e+02
  -1.0889169e+03
  -1.0889169e+03
  -6.9086926e+02
  -6.9086926e+02
   8.4751116e+02
   8.4751116e+02
   1.0095373e+03
   1.0095373e+03
   1.0524589e+03
   1.0524589e+03
  -9.7642816e+02
  -9.7642816e+02
   4.3858549e+02
   4.3858549e+02
   1.1062247e+03
   1.1062247e+03
  -8.0336880e+02
  -8.0336880e+02
  -1.0545510e+03
  -1.0545510e+03
  -8.5407983e+02
  -8.5407983e+02
   1.0407336e+03
   1.0407336e+03
   3.6229522e+02
   3.6229522e+02
   2.7288251e+02
   2.7288251e+02
   6.8338666e+02
   6.8338666e+02
  -6.7285772e+02
  -6.7285772e+02
  -1.0856708e+03
  -1.0856708e+03
   1.4093469e+02
   1.4093469e+02
   7.6376457e+02
   7.6376457e+02
   9.7215803e+01
   9.7215803e+01
  -3.0596224e+02
  -3.0596224e+02
   9.4994956e+02
   9.4994956e+02
   1.0728700e+03
   1.0728700e+03
  -7.5035885e+02
  -7.5035885e+02
  -9.2134715e+02
  -9.2134715e+02
  -4.9886818e+02
  -4.9886818e+02
   8.0760622e+02
   8.0760622e+02
  -1.1310100e+03
  -1.1310100e+03
   3.3861065e+01
   3.3861065e+01
  -9.6089558e+02
  -9.6089558e+02
  -7.2614257e+02
  -7.2614257e+02
   1.1382788e+03
  -4.5082004e+02
  -4.5082004e+02
  -2.4845826e+02
  -2.4845826e+02
   7.4981256e+02
   7.4981256e+02
  -1.0363940e+03
  -1.0363940e+03
   1.1247192e+03
   1.1247192e+03
  -8.0156402e+02
  -8.0156402e+02
  -1.3614175e+01
  -1.3614175e+01
   9.5441584e+02
   9.5441584e+02
   1.1185334e+03
   1.1185334e+03
   6.7702480e+01
   6.7702480e+01
  -1.1309073e+03
  -1.1309073e+03
   5.5710211e+02
   5.5710211e+02
  -1.0056374e+03
  -1.0056374e+03
  -8.4629054e+02
  -8.4629054e+02
  -1.0786267e+03
  -1.0786267e+03
   4.3445560e+02
   4.3445560e+02
   2.5387972e+02
   2.5387972e+02
   3.4177667e+02
   3.4177667e+02
  -4.5525251e+02
  -4.5525251e+02
   6.7901777e+02
   6.7901777e+02
   1.1097548e+03
   1.1097548e+03
   9.1828995e+02
   9.1828995e+02
   5.9749194e+02
   5.9749194e+02
  -6.6198793e+02
  -6.6198793e+02
  -3.7214893e+02
  -3.7214893e+02
  -1.0644425e+03
  -1.0644425e+03
   1.1581218e+03
   1.1581218e+03
   1.0398676e+03
   1.0398676e+03
   9.4099186e+02
   9.4099186e+02
  -1.1619675e+03
  -1.1619675e+03
   6.4292319e+02
   6.4292319e+02
   2.6383590e+02
   2.6383590e+02
  -1.1339022e+03
  -1.1339022e+03
  -9.8088894e+02
  -9.8088894e+02
  -9.2109625e+02
  -9.2109625e+02
   8.7579842e+02
   8.7579842e+02
  -8.2685506e+02
  -8.2685506e+02
  -8.7134636e+02
  -8.7134636e+02
   1.7355849e+02
   1.7355849e+02
   8.9763468e+02
   8.9763468e+02
   1.1662733e+03
   1.1662733e+03
  -1.2980258e+01
  -1.2980258e+01
  -1.1670500e+03
  -1.1670500e+03
   1.1523372e+03
   1.1523372e+03
  -9.3587490e+02
  -9.3587490e+02
  -1.1782900e+03
   4.8999351e+02
   4.8999351e+02
  -3.2658791e+02
  -3.2658791e+02
  -1.4389696e+02
  -1.4389696e+02
   1.0176885e+03
   1.0176885e+03
  -7.2923830e+02
  -7.2923830e+02
  -5.7709357e+02
  -5.7709357e+02
   7.5040729e+02
   7.5040729e+02
  -1.1613760e+03
  -1.1613760e+03
   1.1308271e+03
   1.1308271e+03
  -2.5302994e+02
  -2.5302994e+02
  -1.0909694e+02
  -1.0909694e+02
   7.8114027e+02
   7.8114027e+02
   1.0974869e+03
   1.0974869e+03
  -1.0116058e+03
  -1.0116058e+03
   1.1902854e+03
   1.1902854e+03
   1.0391958e+03
   1.0391958e+03
  -1.1421413e+03
  -1.1421413e+03
   1.1290800e+03
   1.1290800e+03
   4.1986046e+02
   4.1986046e+02
  -2.2080273e+02
  -2.2080273e+02
  -9.3169327e+02
  -9.3169327e+02
  -9.9537704e+02
  -9.9537704e+02
  -5.4462106e+01
  -5.4462106e+01
  -4.4455293e+02
  -4.4455293e+02
  -1.1366629e+03
  -1.1366629e+03
   6.7572185e+02
   6.7572185e+02
   3.7287495e+02
   3.7287495e+02
  -6.2375658e+02
  -6.2375658e+02
  -4.9869473e+02
  -4.9869473e+02
  -6.5866035e+02
  -6.5866035e+02
  -1.1885384e+03
  -1.1885384e+03
   9.9093283e+02
   9.9093283e+02
   5.2195802e+02
   5.2195802e+02
   8.2209020e+02
   8.2209020e+02
   1.2037053e+03
   1.2037053e+03
   1.0761027e+03
   1.0761027e+03
   2.6219470e+02
   2.6219470e+02
  -2.5729097e+02
  -2.5729097e+02
   4.7955577e+02
   4.7955577e+02
  -7.3889107e+02
  -7.3889107e+02
  -8.3630340e+02
  -8.3630340e+02
  -1.1774263e+03
  -1.1774263e+03
  -1.2001015e+03
  -1.2001015e+03
  -1.1200081e+03
  -1.1200081e+03
  -1.2104619e+03
  -1.2104619e+03
   1.1168685e+03
   1.1168685e+03
  -1.0588593e+03
  -1.0588593e+03
   8.7731131e+02
   8.7731131e+02
   5.6521073e+02
   5.6521073e+02
  -1.0941490e+03
  -1.0941490e+03
   7.7291556e+02
   7.7291556e+02
   1.6761350e+02
   1.6761350e+02
   1.0683511e+02
   1.0683511e+02
   6.4762637e+02
   6.4762637e+02
  -6.1759934e+02
  -6.1759934e+02
   1.1818954e+03
   1.1818954e+03
   1.0362816e+03
   1.0362816e+03
   5.8553619e+02
   5.8553619e+02
   1.2119677e+03
   1.2119677e+03
   1.2266902e+03
  -3.8522437e+02
  -3.8522437e+02
  -5.3541644e+02
  -5.3541644e+02
  -1.1154634e+03
  -1.1154634e+03
  -1.2320282e+03
  -1.2320282e+03
   3.0475302e+02
   3.0475302e+02
  -7.7062718e+02
  -7.7062718e+02
   5.9203599e+01
   5.9203599e+01
  -5.7399202e+02
  -5.7399202e+02
  -8.8072166e+02
  -8.8072166e+02
   1.1497455e+03
   1.1497455e+03
  -1.2373596e+03
  -1.2373596e+03
  -9.5638932e+02
  -9.5638932e+02
  -1.1609076e+03
  -1.1609076e+03
   9.2790504e+02
   9.2790504e+02
  -1.1917152e+03
  -1.1917152e+03
   8.3826693e+02
   8.3826693e+02
   2.0386447e+02
   2.0386447e+02
  -2.6272903e+02
  -2.6272903e+02
  -6.3610592e+00
  -6.3610592e+00
  -9.9775818e+02
  -9.9775818e+02
  -1.0416879e+03
  -1.0416879e+03
   1.2437262e+03
   1.2437262e+03
   4.7082316e+02
   4.7082316e+02
   9.1610675e+01
   9.1610675e+01
  -4.6849848e+02
  -4.6849848e+02
   5.0181145e+02
   5.0181145e+02
  -7.2097844e+02
  -7.2097844e+02
   9.9299310e+02
   9.9299310e+02
  -9.4042221e+02
  -9.4042221e+02
   3.4598059e+01
   3.4598059e+01
   1.1836621e+03
   1.1836621e+03
   1.2372040e+03
   1.2372040e+03
   1.0726864e+03
   1.0726864e+03
  -3.0882737e+02
  -3.0882737e+02
  -7.3588751e+02
  -7.3588751e+02
  -1.8883939e+02
  -1.8883939e+02
  -1.1871782e+02
  -1.1871782e+02
  -3.8165711e+02
  -3.8165711e+02
   1.1390373e+03
   1.1390373e+03
   9.8355282e+02
   9.8355282e+02
  -1.7014502e+02
  -1.7014502e+02
   1.1051936e+03
   1.1051936e+03
   1.2235699e+03
   1.2235699e+03
   8.8791687e+02
   8.8791687e+02
  -1.1087920e+03
  -1.1087920e+03
   3.6884041e+02
   3.6884041e+02
   1.2419500e+03
   1.2419500e+03
   1.2551639e+03
   1.2551639e+03
  -4.7752956e+02
  -4.7752956e+02
   1.0983720e+03
   1.0983720e+03
  -1.1868836e+03
  -1.1868836e+03
   7.7647165e+02
   7.7647165e+02
   6.5184816e+02
   6.5184816e+02
  -1.1531210e+03
  -1.1531210e+03
  -1.2618801e+03
  -1.2618801e+03
   3.5361226e+02
   3.5361226e+02
  -8.2393018e+02
  -8.2393018e+02
  -1.2415318e+03
  -1.2415318e+03
   1.0640469e+03
   1.0640469e+03
   5.6410045e+02
   5.6410045e+02
  -7.8547975e+01
  -7.8547975e+01
   8.2071481e+02
   8.2071481e+02
   4.2996890e+02
   4.2996890e+02
  -5.6771164e+02
  -5.6771164e+02
   9.3539814e+02
   9.3539814e+02
   2.4060370e+02
   2.4060370e+02
   3.0465090e+02
   3.0465090e+02
  -1.1834363e+03
  -1.1834363e+03
  -9.8660029e+02
  -9.8660029e+02
  -1.1521686e+03
  -1.1521686e+03
   6.8522132e+02
   6.8522132e+02
  -6.8207119e+02
  -6.8207119e+02
  -1.2197980e+03
  -1.2197980e+03
   1.1608911e+02
   1.1608911e+02
  -1.2786066e+03
  -1.2786066e+03
   1.2836877e+03
   1.2836877e+03
  -5.3913788e+02
  -5.3913788e+02
  -1.0708537e+03
  -1.0708537e+03
  -1.2537059e+03
  -1.2537059e+03
   2.0609929e+02
   2.0609929e+02
   7.1846218e+02
   7.1846218e+02
   4.0420679e+02
   4.0420679e+02
   1.2335184e+03
   1.2335184e+03
   1.2025342e+03
   1.2025342e+03
  -1.2813342e+03
  -1.2813342e+03
   8.1483714e+02
   8.1483714e+02
   4.7277828e+02
   4.7277828e+02
   1.2928450e+03
   1.2928450e+03
  -4.2754013e+02
  -4.2754013e+02
  -8.7997752e+02
  -8.7997752e+02
  -2.6867782e+02
  -2.6867782e+02
  -6.5521867e+02
  -6.5521867e+02
   1.2972646e+03
   1.2972646e+03
   9.0162850e+02
   9.0162850e+02
  -5.1904833e+01
  -5.1904833e+01
  -6.8669413e+02
  -6.8669413e+02
  -1.0320529e+03
  -1.0320529e+03
  -3.5886175e+02
  -3.5886175e+02
   1.0606194e+03
   1.0606194e+03
   6.4404501e+02
   6.4404501e+02
  -1.3034608e+03
  -1.3034608e+03
   1.2719396e+03
   1.2719396e+03
  -7.8285990e+02
  -7.8285990e+02
  -1.0500982e+03
  -1.0500982e+03
   1.2610209e+03
   1.2610209e+03
  -1.3078059e+03
  -9.1495083e+02
  -9.1495083e+02
   6.2357709e+02
   6.2357709e+02
  -1.2601773e+03
  -1.2601773e+03
   1.0468816e+03
   1.0468816e+03
   1.1127816e+03
   1.1127816e+03
  -4.1072902e+02
  -4.1072902e+02
  -1.2070921e+03
  -1.2070921e+03
   5.1906979e+02
   5.1906979e+02
  -9.9839961e+02
  -9.9839961e+02
   1.3013230e+03
   1.3013230e+03
  -1.2811786e+03
  -1.2811786e+03
   2.8295649e+02
   2.8295649e+02
   1.0262759e+03
   1.0262759e+03
   1.3089856e+03
   1.3089856e+03
  -1.2912627e+02
  -1.2912627e+02
   1.4968464e+02
   1.4968464e+02
   7.6694200e+02
   7.6694200e+02
   1.1902311e+03
   1.1902311e+03
   6.5207063e+02
   6.5207063e+02
  -7.9939934e+02
  -7.9939934e+02
  -9.8214802e+02
  -9.8214802e+02
   1.2330453e+03
   1.2330453e+03
  -1.3104432e+03
  -1.3104432e+03
  -8.8195415e+02
  -8.8195415e+02
  -1.3169614e+03
  -1.3169614e+03
   2.7234597e+02
   2.7234597e+02
   6.9427640e+02
   6.9427640e+02
  -1.6487045e+02
  -1.6487045e+02
   1.2171243e+03
   1.2171243e+03
   9.8903836e+02
   9.8903836e+02
   1.1774080e+03
   1.1774080e+03
  -1.2568016e+03
  -1.2568016e+03
  -6.6385659e+02
  -6.6385659e+02
  -5.7128355e+02
  -5.7128355e+02
   1.3273112e+02
   1.3273112e+02
  -4.7040630e+02
  -4.7040630e+02
   3.3084096e+02
   3.3084096e+02
   1.2956773e+03
   1.2956773e+03
   7.8474295e+02
   7.8474295e+02
   9.5685731e+02
   9.5685731e+02
   1.3209548e+03
   1.3209548e+03
  -7.8850407e+01
  -7.8850407e+01
  -3.3429946e+02
  -3.3429946e+02
  -4.4450962e+02
  -4.4450962e+02
  -1.3447711e+03
  -1.3447711e+03
  -7.2028706e+02
  -7.2028706e+02
   1.2678943e+03
   1.2678943e+03
   1.4930951e+01
   1.4930951e+01
   1.1428552e+03
   1.1428552e+03
   4.5282087e+02
   4.5282087e+02
  -1.1713331e+03
  -1.1713331e+03
  -1.2922204e+03
  -1.2922204e+03
  -5.2250458e+02
  -5.2250458e+02
   1.2922910e+03
   1.2922910e+03
   8.3759416e+02
   8.3759416e+02
  -1.3211788e+03
  -1.3211788e+03
  -6.1148004e+02
  -6.1148004e+02
   1.3532001e+03
  -1.0760546e+03
  -1.0760546e+03
  -1.2102030e+03
  -1.2102030e+03
  -1.1342744e+03
  -1.1342744e+03
  -5.3859485e+02
  -5.3859485e+02
   9.1203781e+02
   9.1203781e+02
  -1.6208839e+02
  -1.6208839e+02
   5.8437782e+02
   5.8437782e+02
  -1.3474956e+03
  -1.3474956e+03
  -1.2526283e+03
  -1.2526283e+03
  -1.2314674e+03
  -1.2314674e+03
   8.8824640e+02
   8.8824640e+02
  -8.8957465e+02
  -8.8957465e+02
   1.8400651e+02
   1.8400651e+02
   1.3598972e+03
   1.3598972e+03
   8.0775401e+01
   8.0775401e+01
   1.3520627e+03
   1.3520627e+03
  -2.9837532e+02
  -2.9837532e+02
  -2.1545629e+02
  -2.1545629e+02
   9.5297740e+02
   9.5297740e+02
  -1.1799222e+03
  -1.1799222e+03
   3.2380498e+02
   3.2380498e+02
  -1.2982599e+03
  -1.2982599e+03
  -2.5358119e+02
  -2.5358119e+02
   4.2581497e+02
   4.2581497e+02
   1.1660245e+03
   1.1660245e+03
  -1.3707584e+03
   1.3151454e+02
   1.3151454e+02
   3.8524116e+02
   3.8524116e+02
   1.0325707e+03
   1.0325707e+03
   5.3218576e+02
   5.3218576e+02
  -1.1506962e+03
  -1.1506962e+03
   5.8221666e+02
   5.8221666e+02
  -2.7615394e+02
  -2.7615394e+02
   1.3121016e+03
   1.3121016e+03
   1.2123782e+03
   1.2123782e+03
   2.3568788e+02
   2.3568788e+02
   1.0634405e+03
   1.0634405e+03
  -7.5340992e+02
  -7.5340992e+02
   4.9215278e+02
   4.9215278e+02
  -1.3789745e+03
  -1.3789745e+03
  -1.2083779e+03
  -1.2083779e+03
  -1.3259856e+03
  -1.3259856e+03
   1.3550066e+03
   1.3550066e+03
  -7.9689844e+02
  -7.9689844e+02
   1.2472817e+03
   1.2472817e+03
   1.3726161e+03
   1.3726161e+03
  -1.1316203e+03
  -1.1316203e+03
  -1.3818186e+03
  -1.3818186e+03
  -1.0291842e+03
  -1.0291842e+03
  -9.3284790e+02
  -9.3284790e+02
   1.3889785e+03
   6.8724967e+02
   6.8724967e+02
   1.5810564e+01
   1.5810564e+01
   7.3749910e+01
   7.3749910e+01
   1.2680827e+03
   1.2680827e+03
  -1.2602078e+02
  -1.2602078e+02
   1.3904215e+03
   1.3904215e+03
   1.2905740e+03
   1.2905740e+03
  -8.8474880e+02
  -8.8474880e+02
  -6.8170463e+02
  -6.8170463e+02
  -1.2407445e+03
  -1.2407445e+03
  -6.8211155e+01
  -6.8211155e+01
  -1.3778863e+03
  -1.3778863e+03
   1.3875569e+03
   1.3875569e+03
   1.2122643e+03
   1.2122643e+03
   8.0494103e+02
   8.0494103e+02
  -1.3879577e+03
  -1.3879577e+03
   1.1524392e+03
   1.1524392e+03
   1.3457329e+03
   1.3457329e+03
  -1.0748984e+03
  -1.0748984e+03
   5.7598449e+02
   5.7598449e+02
  -1.3764577e+03
  -1.3764577e+03
   1.1744671e+03
   1.1744671e+03
  -1.2767024e+03
  -1.2767024e+03
   1.4054000e+03
  -9.2650466e+02
  -9.2650466e+02
  -8.2971004e+02
  -8.2971004e+02
   9.0878606e+02
   9.0878606e+02
  -1.1837799e+03
  -1.1837799e+03
  -1.3104042e+03
  -1.3104042e+03
   9.6728562e+02
   9.6728562e+02
  -1.6888129e+02
  -1.6888129e+02
  -1.3429622e+03
  -1.3429622e+03
   1.4102001e+03
   1.4102001e+03
  -1.0622426e+03
  -1.0622426e+03
  -1.0023018e+03
  -1.0023018e+03
  -1.1349549e+03
  -1.1349549e+03
   8.1317798e+02
   8.1317798e+02
  -4.0640751e+02
  -4.0640751e+02
   4.4648681e+02
   4.4648681e+02
  -3.6766719e+02
  -3.6766719e+02
  -5.9428770e+02
  -5.9428770e+02
   2.4442697e+02
   2.4442697e+02
   1.0277101e+03
   1.0277101e+03
   3.3993419e+02
   3.3993419e+02
  -1.3834858e+03
  -1.3834858e+03
  -7.0456303e+02
  -7.0456303e+02
   1.3434194e+03
   1.3434194e+03
   1.1308362e+03
   1.1308362e+03
  -7.8701542e+01
  -7.8701542e+01
   1.3105326e+03
   1.3105326e+03
  -1.3910121e+03
  -1.3910121e+03
   1.0141084e+03
   1.0141084e+03
   1.4289600e+03
   1.2458325e+03
   1.2458325e+03
   6.6252773e+02
   6.6252773e+02
  -4.9350183e+02
  -4.9350183e+02
   1.1209927e+03
   1.1209927e+03
   1.0935013e+03
   1.0935013e+03
  -6.6191080e+02
  -6.6191080e+02
  -8.9163599e+02
  -8.9163599e+02
   1.3906699e+03
   1.3906699e+03
   1.9694670e+02
   1.9694670e+02
  -4.3593271e+02
  -4.3593271e+02
   6.9753069e+02
   6.9753069e+02
   8.4704625e+02
   8.4704625e+02
   1.1720578e+03
   1.1720578e+03
  -9.7868313e+02
  -9.7868313e+02
  -5.4995865e+02
  -5.4995865e+02
   1.3856692e+03
   1.3856692e+03
  -1.4401408e+03
  -1.4401408e+03
   9.1878327e+02
   9.1878327e+02
   1.1482699e+02
   1.1482699e+02
   1.0950079e+03
   1.0950079e+03
   8.4199628e+01
   8.4199628e+01
   4.0536630e+02
   4.0536630e+02
   1.4256813e+03
   1.4256813e+03
  -1.1620318e+03
  -1.1620318e+03
   5.2865270e+02
   5.2865270e+02
  -2.0233502e+02
  -2.0233502e+02
  -1.1113788e+03
  -1.1113788e+03
  -7.4990307e+02
  -7.4990307e+02
  -2.9704025e+02
  -2.9704025e+02
  -1.0128958e+03
  -1.0128958e+03
   8.8459858e+02
   8.8459858e+02
  -5.2468580e+02
  -5.2468580e+02
   1.4472668e+03
   1.4472668e+03
  -1.4479666e+03
  -1.4479666e+03
  -2.5006184e+02
  -2.5006184e+02
  -1.4386358e+03
  -1.4386358e+03
  -1.4484258e+03
  -1.4484258e+03
  -8.7802494e+02
  -8.7802494e+02
  -1.2582893e+03
  -1.2582893e+03
  -1.3167425e+03
  -1.3167425e+03
   1.0025205e+03
   1.0025205e+03
  -4.7074507e+01
  -4.7074507e+01
   1.7304838e+02
   1.7304838e+02
  -1.3989427e+03
  -1.3989427e+03
   1.4554805e+03
   1.4554805e+03
   1.4319611e+01
   1.4319611e+01
  -7.8988862e+02
  -7.8988862e+02
  -1.2118775e+03
  -1.2118775e+03
   1.3194956e+03
   1.3194956e+03
   1.3732755e+03
   1.3732755e+03
   1.2440246e+03
   1.2440246e+03
   7.7281603e+02
   7.7281603e+02
  -1.1443592e+03
  -1.1443592e+03
   2.7894466e+02
   2.7894466e+02
   1.3988072e+03
   1.3988072e+03
   8.1353040e+02
   8.1353040e+02
  -1.4475390e+03
  -1.4475390e+03
  -9.4944223e+02
  -9.4944223e+02
   1.2858860e+03
   1.2858860e+03
  -1.4401995e+03
  -1.4401995e+03
   4.8678619e+02
   4.8678619e+02
   5.1632768e+01
   5.1632768e+01
  -8.2993753e+02
  -8.2993753e+02
   7.4979598e+02
   7.4979598e+02
  -9.1097285e+02
  -9.1097285e+02
  -1.3571018e+03
  -1.3571018e+03
   1.3553384e+03
   1.3553384e+03
  -6.4897522e+02
  -6.4897522e+02
  -1.1264638e+03
  -1.1264638e+03
  -1.0572259e+03
  -1.0572259e+03
  -6.8663967e+02
  -6.8663967e+02
  -1.3057040e+03
  -1.3057040e+03
  -4.1011878e+02
  -4.1011878e+02
   1.0979618e+03
   1.0979618e+03
   2.2909998e+02
   2.2909998e+02
   1.1604508e+03
   1.1604508e+03
  -1.4678532e+03
  -1.4678532e+03
  -1.3715279e+03
  -1.3715279e+03
   1.2330299e+03
   1.2330299e+03
  -2.7055630e+02
  -2.7055630e+02
   6.6308428e+02
   6.6308428e+02
   1.4549537e+03
   1.4549537e+03
   1.4811734e+03
  -1.6352170e+02
  -1.6352170e+02
   1.2224474e+03
   1.2224474e+03
   1.4304600e+03
   1.4304600e+03
   1.4491047e+03
   1.4491047e+03
   9.0098474e+02
   9.0098474e+02
   3.7539381e+02
   3.7539381e+02
   1.2504991e+02
   1.2504991e+02
  -1.4360755e+03
  -1.4360755e+03
  -1.2657836e+02
  -1.2657836e+02
   1.4781953e+03
   1.4781953e+03
  -1.0406567e+03
  -1.0406567e+03
   1.3882822e+03
   1.3882822e+03
   7.5394629e+02
   7.5394629e+02
  -5.2787124e+02
  -5.2787124e+02
   9.8306948e+02
   9.8306948e+02
  -1.4097321e+03
  -1.4097321e+03
  -1.4226567e+03
  -1.4226567e+03
  -1.2264193e+03
  -1.2264193e+03
  -1.3670154e+03
  -1.3670154e+03
   1.3434844e+03
   1.3434844e+03
   5.2552261e+02
   5.2552261e+02
  -1.3306719e+03
  -1.3306719e+03
   3.1616647e+01
   3.1616647e+01
   6.1136311e+02
   6.1136311e+02
   4.6114172e+02
   4.6114172e+02
   1.2069171e+03
   1.2069171e+03
  -4.0065244e+02
  -4.0065244e+02
  -5.7423215e+02
  -5.7423215e+02
  -7.5177050e+02
  -7.5177050e+02
  -1.4510219e+03
  -1.4510219e+03
   1.0677536e+03
   1.0677536e+03
   1.5038390e+03
   1.5038390e+03
  -8.1153271e+02
  -8.1153271e+02
  -1.2048909e+03
  -1.2048909e+03
   1.4799274e+03
   1.4799274e+03
  -1.4810295e+03
  -1.4810295e+03
  -3.1792842e+02
  -3.1792842e+02
  -1.2661622e+03
  -1.2661622e+03
  -9.1913770e+02
  -9.1913770e+02
   1.4917110e+03
   1.4917110e+03
  -6.7705539e+02
  -6.7705539e+02
   1.1533439e+03
   1.1533439e+03
  -1.0105470e+03
  -1.0105470e+03
  -1.5035165e+03
  -1.5035165e+03
   1.4758879e+03
   1.4758879e+03
   3.1122602e+02
   3.1122602e+02
   1.0451494e+03
   1.0451494e+03
  -1.1633822e+03
  -1.1633822e+03
   1.3804160e+03
   1.3804160e+03
   2.5644973e+02
   2.5644973e+02
   1.1089589e+02
   1.1089589e+02
  -1.5191206e+03
  -1.5191206e+03
  -5.1261939e+02
  -5.1261939e+02
   3.7584631e+02
   3.7584631e+02
  -1.4206965e+03
  -1.4206965e+03
   1.3418605e+03
   1.3418605e+03
  -1.4782457e+03
  -1.4782457e+03
  -1.1192016e+03
  -1.1192016e+03
  -2.7403316e+02
  -2.7403316e+02
  -7.6269278e+01
  -7.6269278e+01
  -5.0276843e+02
  -5.0276843e+02
   8.7590632e+02
   8.7590632e+02
   9.2771049e+02
   9.2771049e+02
   1.4640314e+03
   1.4640314e+03
   1.5215573e+03
   1.5215573e+03
   6.1411333e+02
   6.1411333e+02
   1.3209691e+03
   1.3209691e+03
  -1.3056923e+03
  -1.3056923e+03
  -1.3643089e+03
  -1.3643089e+03
  -1.3322164e+03
  -1.3322164e+03
   1.9627702e+02
   1.9627702e+02
   4.2554898e+02
   4.2554898e+02
   7.4352215e+02
   7.4352215e+02
   5.7376231e+02
   5.7376231e+02
   1.2484742e+03
   1.2484742e+03
   1.4383846e+03
   1.4383846e+03
  -1.5324518e+03
  -8.0210523e+02
  -8.0210523e+02
  -4.3799737e+02
  -4.3799737e+02
  -6.4006506e+02
  -6.4006506e+02
   1.1344458e+03
   1.1344458e+03
  -1.1067048e+03
  -1.1067048e+03
  -1.1762919e+03
  -1.1762919e+03
   5.1013080e+02
   5.1013080e+02
  -8.1704572e+00
  -8.1704572e+00
  -1.5328436e+03
  -1.5328436e+03
   4.6560033e+02
   4.6560033e+02
  -4.0271931e+02
  -4.0271931e+02
   9.1098587e+02
   9.1098587e+02
   1.5413216e+03
   1.5413216e+03
  -1.4535081e+03
  -1.4535081e+03
  -1.2278917e+03
  -1.2278917e+03
   1.1826543e+03
   1.1826543e+03
  -1.5436636e+03
  -1.5436636e+03
  -3.3624448e+02
  -3.3624448e+02
  -8.6605122e+02
  -8.6605122e+02
   1.1096816e+03
   1.1096816e+03
   1.4258828e+03
   1.4258828e+03
  -1.0169316e+03
  -1.0169316e+03
  -6.9079580e+02
  -6.9079580e+02
  -1.3692825e+03
  -1.3692825e+03
  -1.5489842e+03
   2.5247527e+02
   2.5247527e+02
  -5.7059345e+02
  -5.7059345e+02
  -1.0767475e+03
  -1.0767475e+03
  -2.2113464e+02
  -2.2113464e+02
   1.4484250e+03
   1.4484250e+03
   1.3018959e+03
   1.3018959e+03
  -1.5170420e+03
  -1.5170420e+03
   6.8999093e+02
   6.8999093e+02
   1.4855857e+03
   1.4855857e+03
   9.0296527e+01
   9.0296527e+01
  -8.8149218e+02
  -8.8149218e+02
  -9.3956063e+02
  -9.3956063e+02
  -7.1089355e+02
  -7.1089355e+02
   8.2706870e+02
   8.2706870e+02
  -1.4062120e+02
  -1.4062120e+02
   1.5476060e+03
   1.5476060e+03
   7.8208751e+02
   7.8208751e+02
   8.3492256e+02
   8.3492256e+02
   7.3651215e+02
   7.3651215e+02
  -1.2874937e+03
  -1.2874937e+03
  -1.5282453e+03
  -1.5282453e+03
   1.5367578e+03
   1.5367578e+03
  -1.3519741e+03
  -1.3519741e+03
  -1.7481191e+02
  -1.7481191e+02
  -1.5476682e+03
  -1.5476682e+03
  -1.1289940e+03
  -1.1289940e+03
   4.5597906e+02
   4.5597906e+02
   1.5302642e+03
   1.5302642e+03
  -7.4786953e+02
  -7.4786953e+02
   3.7599956e+02
   3.7599956e+02
   1.5587184e+03
   1.5587184e+03
  -1.5640625e+03
  -1.5640625e+03
   1.0880475e+03
   1.0880475e+03
   1.5556685e+03
   1.5556685e+03
   1.4326789e+03
   1.4326789e+03
   1.1821602e+02
   1.1821602e+02
   1.5271217e+02
   1.5271217e+02
  -1.0053472e+03
  -1.0053472e+03
   1.2370672e+03
   1.2370672e+03
  -9.2890184e+02
  -9.2890184e+02
   1.0564777e+03
   1.0564777e+03
  -1.5178348e+03
  -1.5178348e+03
  -1.5026291e+03
  -1.5026291e+03
  -1.4076406e+03
  -1.4076406e+03
  -1.3390506e+03
  -1.3390506e+03
   9.9537854e+02
   9.9537854e+02
   5.9640936e+02
   5.9640936e+02
   1.4182236e+03
   1.4182236e+03
  -1.1944405e+03
  -1.1944405e+03
   1.1550773e+03
   1.1550773e+03
  -1.1257903e+02
  -1.1257903e+02
  -5.0656564e+01
  -5.0656564e+01
   1.5576311e+03
   1.5576311e+03
   2.3847968e+02
   2.3847968e+02
   1.5861595e+03
  -2.9497328e+02
  -2.9497328e+02
   9.5046127e+02
   9.5046127e+02
   1.3654386e+03
   1.3654386e+03
  -4.8602217e+02
  -4.8602217e+02
   1.5873575e+03
   1.5873575e+03
   1.5307246e+03
   1.5307246e+03
  -1.4686900e+03
  -1.4686900e+03
   6.4948441e+02
   6.4948441e+02
  -1.5905239e+03
  -1.5905239e+03
  -1.4892532e+03
  -1.4892532e+03
   1.4012469e+03
   1.4012469e+03
  -1.4407037e+03
  -1.4407037e+03
   1.3399848e+03
   1.3399848e+03
  -1.5025302e+03
  -1.5025302e+03
   1.1108731e+03
   1.1108731e+03
  -1.1639710e+03
  -1.1639710e+03
  -1.5635709e+03
  -1.5635709e+03
   3.8826044e+02
   3.8826044e+02
   1.5439148e+03
   1.5439148e+03
   7.7610170e+02
   7.7610170e+02
   1.5233542e+03
   1.5233542e+03
  -7.6197899e+01
  -7.6197899e+01
  -2.7954579e+02
  -2.7954579e+02
  -9.5477920e+02
  -9.5477920e+02
   1.3340229e+03
   1.3340229e+03
  -4.2941776e+02
  -4.2941776e+02
   1.4896627e+03
   1.4896627e+03
  -1.5886477e+03
  -1.5886477e+03
   8.7773086e+02
   8.7773086e+02
  -1.2600412e+03
  -1.2600412e+03
  -7.1077449e+02
  -7.1077449e+02
   5.2324287e+02
   5.2324287e+02
  -6.4937278e+02
  -6.4937278e+02
  -1.5955274e+03
  -1.5955274e+03
   9.9297772e+02
   9.9297772e+02
  -3.9035966e+02
  -3.9035966e+02
   1.2251411e+03
   1.2251411e+03
  -5.0115927e+02
  -5.0115927e+02
  -1.0395484e+03
  -1.0395484e+03
  -7.8313511e+02
  -7.8313511e+02
  -1.4062432e+03
  -1.4062432e+03
  -1.5962089e+03
  -1.5962089e+03
   1.3152218e+03
   1.3152218e+03
   3.0179492e+01
   3.0179492e+01
   1.1801535e+03
   1.1801535e+03
   9.5242594e+02
   9.5242594e+02
  -1.2921026e+03
  -1.2921026e+03
   1.5873198e+03
   1.5873198e+03
  -1.0950872e+03
  -1.0950872e+03
  -1.6197419e+03
  -1.6158323e+03
  -1.6158323e+03
   1.4115445e+03
   1.4115445e+03
   1.0193741e+03
   1.0193741e+03
  -2.8112018e+02
  -2.8112018e+02
  -9.2011147e+02
  -9.2011147e+02
  -9.8866816e+02
  -9.8866816e+02
   1.4762152e+03
   1.4762152e+03
   1.4478985e+03
   1.4478985e+03
   1.2502185e+03
   1.2502185e+03
  -1.2506005e+03
  -1.2506005e+03
   8.3911432e+02
   8.3911432e+02
  -5.3721116e+02
  -5.3721116e+02
   2.6601851e+02
   2.6601851e+02
   1.6153453e+03
   1.6153453e+03
  -1.5918554e+03
  -1.5918554e+03
   1.2824457e+03
   1.2824457e+03
   4.3061856e+02
   4.3061856e+02
   1.6258864e+03
   1.6258864e+03
  -1.4531176e+03
  -1.4531176e+03
  -7.5822525e+02
  -7.5822525e+02
   6.1319737e+02
   6.1319737e+02
  -1.7354087e+02
  -1.7354087e+02
  -6.1008896e+02
  -6.1008896e+02
   5.5673151e+02
   5.5673151e+02
   1.6142356e+03
   1.6142356e+03
  -1.1549372e+03
  -1.1549372e+03
  -8.4030492e+02
  -8.4030492e+02
   7.4454007e+02
   7.4454007e+02
  -1.3284344e+03
  -1.3284344e+03
   3.4519621e+02
   3.4519621e+02
   5.9869091e+02
   5.9869091e+02
   1.0570718e+03
   1.0570718e+03
  -1.5593058e+03
  -1.5593058e+03
  -1.5626385e+03
  -1.5626385e+03
   1.8461610e+02
   1.8461610e+02
   1.5933573e+03
   1.5933573e+03
  -1.6026007e+03
  -1.6026007e+03
  -1.3742927e+03
  -1.3742927e+03
   7.8553834e+02
   7.8553834e+02
  -3.6410829e+02
  -3.6410829e+02
  -1.5964453e+03
  -1.5964453e+03
   3.2131912e+02
   3.2131912e+02
   1.4377453e+02
   1.4377453e+02
  -1.4330645e+03
  -1.4330645e+03
   1.5194916e+03
   1.5194916e+03
  -1.5845286e+03
  -1.5845286e+03
  -1.5220281e+03
  -1.5220281e+03
  -7.0431222e+02
  -7.0431222e+02
   1.5463686e+03
   1.5463686e+03
   5.1390048e+02
   5.1390048e+02
   1.4919904e+03
   1.4919904e+03
  -3.2801783e+01
  -3.2801783e+01
  -3.2402670e+02
  -3.2402670e+02
   1.1725996e+03
   1.1725996e+03
   7.3348468e+02
   7.3348468e+02
   8.9971444e+02
   8.9971444e+02
  -1.4131915e+03
  -1.4131915e+03
  -1.4602933e+02
  -1.4602933e+02
   4.3735131e+02
   4.3735131e+02
  -1.6512864e+03
  -1.6512864e+03
   1.6266216e+03
   1.6266216e+03
   1.5708991e+03
   1.5708991e+03
   1.5578326e+03
   1.5578326e+03
   3.5598029e+01
   3.5598029e+01
  -1.0833452e+03
  -1.0833452e+03
  -1.5369368e+03
  -1.5369368e+03
  -6.4013595e+02
  -6.4013595e+02
   9.8882032e+02
   9.8882032e+02
   3.8340682e+02
   3.8340682e+02
   2.8663338e+02
   2.8663338e+02
  -2.2417690e+02
  -2.2417690e+02
  -1.6525783e+03
  -1.6525783e+03
   6.7905717e+02
   6.7905717e+02
   1.4331298e+03
   1.4331298e+03
  -1.2106079e+03
  -1.2106079e+03
   1.4138429e+03
   1.4138429e+03
   1.2055182e+03
   1.2055182e+03
  -5.5944474e+02
  -5.5944474e+02
   1.3324406e+03
   1.3324406e+03
   1.6621978e+03
   1.6621978e+03
   6.6062416e+02
   6.6062416e+02
   1.4365376e+02
   1.4365376e+02
   1.5912843e+03
   1.5912843e+03
   1.2362393e+03
   1.2362393e+03
   7.9091420e+02
   7.9091420e+02
   1.0372347e+03
   1.0372347e+03
   1.6632909e+03
   1.6632909e+03
  -1.5051129e+03
  -1.5051129e+03
   1.3727068e+03
   1.3727068e+03
  -1.0849032e+03
  -1.0849032e+03
  -1.3117652e+03
  -1.3117652e+03
   1.6571357e+03
   1.6571357e+03
   1.8263279e+02
   1.8263279e+02
  -8.6072976e+01
  -8.6072976e+01
  -5.9981967e+02
  -5.9981967e+02
   1.6696955e+03
   1.0924294e+02
   1.0924294e+02
  -9.2348421e+02
  -9.2348421e+02
  -8.5040692e+02
  -8.5040692e+02
  -1.2658698e+03
  -1.2658698e+03
   1.6165325e+03
   1.6165325e+03
  -7.8897306e+02
  -7.8897306e+02
  -4.0243563e+02
  -4.0243563e+02
  -1.6158138e+03
  -1.6158138e+03
   1.0949224e+03
   1.0949224e+03
   1.6315202e+03
   1.6315202e+03
   1.1603175e+03
   1.1603175e+03
  -9.9764232e+02
  -9.9764232e+02
   1.4728844e+03
   1.4728844e+03
  -1.0088737e+03
  -1.0088737e+03
  -4.2616650e+00
  -4.2616650e+00
  -1.4780127e+03
  -1.4780127e+03
   8.7086890e+02
   8.7086890e+02
  -1.0207016e+02
  -1.0207016e+02
   1.3036462e+03
   1.3036462e+03
  -1.6802299e+03
  -1.6807894e+03
  -1.6807894e+03
  -1.3659991e+03
  -1.3659991e+03
  -2.9520775e+01
  -2.9520775e+01
  -1.6608213e+03
  -1.6608213e+03
  -1.5890757e+03
  -1.5890757e+03
   3.6785294e+02
   3.6785294e+02
  -1.6851644e+03
   1.6858099e+03
   1.5384558e+03
   1.5384558e+03
  -1.6467785e+03
  -1.6467785e+03
  -1.4224163e+03
  -1.4224163e+03
   8.4269611e+02
   8.4269611e+02
  -1.4521890e+03
  -1.4521890e+03
  -1.1649987e+03
  -1.1649987e+03
  -8.2985243e+02
  -8.2985243e+02
  -4.5517906e+02
  -4.5517906e+02
   1.1881612e+03
   1.1881612e+03
   5.8666291e+02
   5.8666291e+02
  -7.1546255e+02
  -7.1546255e+02
   9.4831945e+02
   9.4831945e+02
  -9.5923505e+02
  -9.5923505e+02
  -1.0758629e+03
  -1.0758629e+03
  -1.6783222e+03
  -1.6783222e+03
  -8.9843599e+02
  -8.9843599e+02
  -1.6946079e+03
  -1.6946079e+03
   1.6831143e+03
   1.6831143e+03
  -1.3535229e+03
  -1.3535229e+03
  -5.0868249e+02
  -5.0868249e+02
  -3.7007115e+02
  -3.7007115e+02
   1.6952511e+03
   1.6952511e+03
   6.5756737e+02
   6.5756737e+02
   1.0598473e+03
   1.0598473e+03
   1.7004649e+03
   1.7004649e+03
  -1.5511304e+03
  -1.5511304e+03
   1.5129213e+03
   1.5129213e+03
  -1.4108355e+03
  -1.4108355e+03
   1.5731548e+03
   1.5731548e+03
   2.5225886e+02
   2.5225886e+02
  -1.1418254e+03
  -1.1418254e+03
  -7.8706365e+02
  -7.8706365e+02
   4.5977757e+02
   4.5977757e+02
  -1.6985214e+03
  -1.6985214e+03
   1.6996107e+03
   1.6996107e+03
  -6.9544545e+02
  -6.9544545e+02
   9.7518174e+02
   9.7518174e+02
  -5.7680628e+02
  -5.7680628e+02
   1.3765175e+01
   1.3765175e+01
   1.5979326e+03
   1.5979326e+03
  -1.2341150e+03
  -1.2341150e+03
  -1.3177243e+03
  -1.3177243e+03
  -1.2990147e+03
  -1.2990147e+03
   1.6472561e+03
   1.6472561e+03
  -5.3449608e+02
  -5.3449608e+02
  -1.3806894e+03
  -1.3806894e+03
   5.5331446e+02
   5.5331446e+02
   5.8623718e+02
   5.8623718e+02
   1.6730165e+03
   1.6730165e+03
   7.3897510e+02
   7.3897510e+02
   1.2341350e+03
   1.2341350e+03
   1.7198728e+03
   1.1382919e+03
   1.1382919e+03
  -2.6331550e+02
  -2.6331550e+02
  -1.6561203e+02
  -1.6561203e+02
   1.7239560e+03
   1.7239560e+03
  -1.7244020e+03
   1.3937116e+03
   1.3937116e+03
  -1.0468313e+03
  -1.0468313e+03
   9.4219977e+02
   9.4219977e+02
   1.5068648e+03
   1.5068648e+03
  -2.3118007e+02
  -2.3118007e+02
   1.3122404e+03
   1.3122404e+03
   1.4320167e+03
   1.4320167e+03
   2.3432647e+02
   2.3432647e+02
   1.4693513e+03
   1.4693513e+03
  -3.4995811e+02
  -3.4995811e+02
  -1.6700064e+03
  -1.6700064e+03
   1.6766180e+03
   1.6766180e+03
   1.2551850e+03
   1.2551850e+03
  -9.9632500e+02
  -9.9632500e+02
   1.0709133e+03
   1.0709133e+03
  -8.7113722e+02
  -8.7113722e+02
   1.4607977e+03
   1.4607977e+03
  -1.3494103e+03
  -1.3494103e+03
  -1.7053776e+03
  -1.7053776e+03
  -1.6014651e+03
  -1.6014651e+03
  -1.8388029e+02
  -1.8388029e+02
  -1.5527117e+03
  -1.5527117e+03
   1.5660680e+03
   1.5660680e+03
  -1.5156004e+03
  -1.5156004e+03
  -7.4861537e+02
  -7.4861537e+02
  -1.6162554e+03
  -1.6162554e+03
  -1.1438086e+03
  -1.1438086e+03
  -1.4961428e+03
  -1.4961428e+03
   8.4645354e+02
   8.4645354e+02
   1.3983234e+03
   1.3983234e+03
   1.2827442e+03
   1.2827442e+03
  -1.7336156e+03
  -1.7336156e+03
  -1.7426677e+03
  -1.7426677e+03
   1.1996375e+03
   1.1996375e+03
  -9.3766098e+02
  -9.3766098e+02
  -4.4233122e+02
  -4.4233122e+02
   1.6612872e+03
   1.6612872e+03
  -1.6687241e+03
  -1.6687241e+03
   6.9525582e+02
   6.9525582e+02
   6.1195745e+02
   6.1195745e+02
   1.0974903e+03
   1.0974903e+03
   3.6073813e+02
   3.6073813e+02
  -9.2255261e+02
  -9.2255261e+02
   1.7166716e+03
   1.7166716e+03
  -9.2140369e+01
  -9.2140369e+01
  -1.2536871e+03
  -1.2536871e+03
  -9.3892654e+00
  -9.3892654e+00
  -1.6351571e+03
  -1.6351571e+03
   1.3234959e+01
   1.3234959e+01
   4.3653245e+02
   4.3653245e+02
   1.7473484e+03
   1.7473484e+03
   1.7287446e+03
   1.7287446e+03
  -4.6302083e+02
  -4.6302083e+02
  -1.2085660e+03
  -1.2085660e+03
  -1.7416653e+03
  -1.7416653e+03
  -1.2863817e+03
  -1.2863817e+03
   9.1479126e+01
   9.1479126e+01
   1.6348785e+03
   1.6348785e+03
  -1.3871065e+03
  -1.3871065e+03
   8.0320383e+02
   8.0320383e+02
   1.7480554e+03
   1.7480554e+03
  -8.0148430e+02
  -8.0148430e+02
   9.2298779e+02
   9.2298779e+02
   1.0062155e+03
   1.0062155e+03
   3.0577596e+02
   3.0577596e+02
   1.6827112e+02
   1.6827112e+02
   1.1571980e+03
   1.1571980e+03
  -5.7978511e+02
  -5.7978511e+02
  -1.5678497e+03
  -1.5678497e+03
  -1.0641834e+03
  -1.0641834e+03
  -1.7619327e+03
  -1.7619327e+03
  -1.4657247e+03
  -1.4657247e+03
  -1.2463224e+03
  -1.2463224e+03
   1.6940216e+03
   1.6940216e+03
  -1.6012526e+02
  -1.6012526e+02
   6.1766296e+02
   6.1766296e+02
  -1.7155517e+03
  -1.7155517e+03
  -2.6674467e+02
  -2.6674467e+02
   1.0508836e+03
   1.0508836e+03
  -7.2142845e+02
  -7.2142845e+02
  -1.7672832e+03
  -1.7672832e+03
  -1.6863282e+03
  -1.6863282e+03
  -1.6812309e+03
  -1.6812309e+03
  -1.3505374e+03
  -1.3505374e+03
   1.5203993e+03
   1.5203993e+03
   1.6200884e+03
   1.6200884e+03
  -4.3003991e+02
  -4.3003991e+02
   1.5565498e+03
   1.5565498e+03
  -6.0626604e+02
  -6.0626604e+02
  -1.7531406e+03
  -1.7531406e+03
  -3.2580689e+02
  -3.2580689e+02
   7.5355147e+02
   7.5355147e+02
   1.4000949e+02
   1.4000949e+02
   6.4700396e+01
   6.4700396e+01
  -1.5664790e+03
  -1.5664790e+03
   1.7718097e+03
   1.7718097e+03
   1.4040242e+03
   1.4040242e+03
  -1.6194617e+03
  -1.6194617e+03
  -1.7799236e+03
  -1.5377332e+03
  -1.5377332e+03
   1.7808689e+03
   1.7808689e+03
   1.4675306e+03
   1.4675306e+03
  -5.1651880e+02
  -5.1651880e+02
  -1.2063113e+03
  -1.2063113e+03
   1.0075511e+03
   1.0075511e+03
   1.7438089e+03
   1.7438089e+03
   1.7537817e+03
   1.7537817e+03
   3.9394144e+02
   3.9394144e+02
  -1.7856378e+03
  -1.7856378e+03
   1.1164343e+03
   1.1164343e+03
   6.7858372e+02
   6.7858372e+02
  -1.7184489e+03
  -1.7184489e+03
  -1.1442944e+03
  -1.1442944e+03
  -1.7505421e+03
  -1.7505421e+03
  -3.6594780e+01
  -3.6594780e+01
   9.1900322e+02
   9.1900322e+02
  -9.4372330e+02
  -9.4372330e+02
  -1.7714297e+03
  -1.7714297e+03
  -1.0015921e+03
  -1.0015921e+03
  -1.4664334e+03
  -1.4664334e+03
  -1.2857840e+03
  -1.2857840e+03
   1.2092725e+03
   1.2092725e+03
  -3.1801070e+02
  -3.1801070e+02
  -1.7225693e+03
  -1.7225693e+03
  -5.8880512e+02
  -5.8880512e+02
   5.5871995e+02
   5.5871995e+02
   2.7597320e+02
   2.7597320e+02
  -1.1947704e+03
  -1.1947704e+03
  -1.6521366e+03
  -1.6521366e+03
   1.6606011e+03
   1.6606011e+03
   6.7227120e+02
   6.7227120e+02
   1.7149059e+03
   1.7149059e+03
   3.7082559e+02
   3.7082559e+02
   1.8002652e+03
   1.8002652e+03
   2.6444806e+02
   2.6444806e+02
   1.7979186e+03
   1.7979186e+03
  -6.8549783e+02
  -6.8549783e+02
   1.6109746e+03
   1.6109746e+03
  -1.5120092e+03
  -1.5120092e+03
  -1.6230321e+03
  -1.6230321e+03
   5.7547187e+02
   5.7547187e+02
   1.4039662e+03
   1.4039662e+03
  -1.6701381e+03
  -1.6701381e+03
  -1.5578122e+02
  -1.5578122e+02
   1.3843030e+03
   1.3843030e+03
   2.2594822e+02
   2.2594822e+02
   1.1051078e+03
   1.1051078e+03
   4.3383153e+02
   4.3383153e+02
   1.7900058e+03
   1.7900058e+03
   5.1707932e+02
   5.1707932e+02
   1.7621356e+03
   1.7621356e+03
   1.2899350e+03
   1.2899350e+03
   1.3159568e+03
   1.3159568e+03
   1.6281259e+03
   1.6281259e+03
   1.7762862e+03
   1.7762862e+03
   2.0656533e+02
   2.0656533e+02
  -2.6682224e+02
  -2.6682224e+02
  -1.2709738e+03
  -1.2709738e+03
   3.4890470e+02
   3.4890470e+02
  -1.6976217e+03
  -1.6976217e+03
   1.5142632e+03
   1.5142632e+03
   1.7967010e+03
   1.7967010e+03
   1.6890060e+03
   1.6890060e+03
  -1.3658709e+02
  -1.3658709e+02
   8.6132929e+02
   8.6132929e+02
  -9.1450150e+02
  -9.1450150e+02
  -7.2024180e+02
  -7.2024180e+02
   1.7358019e+03
   1.7358019e+03
  -1.4196647e+03
  -1.4196647e+03
   1.7078513e+03
   1.7078513e+03
  -1.7120938e+03
  -1.7120938e+03
   1.5080326e+02
   1.5080326e+02
   3.7261408e+01
   3.7261408e+01
  -4.8557459e+02
  -4.8557459e+02
   9.3114555e+02
   9.3114555e+02
   1.6672583e+03
   1.6672583e+03
   1.2723400e+03
   1.2723400e+03
  -2.1443569e+02
  -2.1443569e+02
  -1.0677481e+03
  -1.0677481e+03
  -8.4991368e+02
  -8.4991368e+02
  -1.3624041e+03
  -1.3624041e+03
   1.7630215e+03
   1.7630215e+03
   1.4661160e+03
   1.4661160e+03
  -4.0118623e+02
  -4.0118623e+02
  -1.8144174e+03
  -1.8144174e+03
  -9.0346029e+02
  -9.0346029e+02
  -1.7946958e+03
  -1.7946958e+03
  -1.4693845e+03
  -1.4693845e+03
  -1.7799542e+03
  -1.7799542e+03
  -8.1634714e+02
  -8.1634714e+02
   7.6227552e+02
   7.6227552e+02
   1.6404745e+03
   1.6404745e+03
   1.3513421e+03
   1.3513421e+03
   1.1976725e+03
   1.1976725e+03
  -1.1549460e+03
  -1.1549460e+03
  -1.7914678e+03
  -1.7914678e+03
  -1.6732628e+03
  -1.6732628e+03
   4.7363151e+02
   4.7363151e+02
   1.7428708e+03
   1.7428708e+03
   1.5813518e+03
   1.5813518e+03
  -1.8355753e+03
  -1.7670337e+03
  -1.7670337e+03
  -1.5678394e+03
  -1.5678394e+03
   1.6160769e+03
   1.6160769e+03
   1.5643589e+03
   1.5643589e+03
  -1.8350346e+03
  -1.8350346e+03
   1.4819316e+03
   1.4819316e+03
   1.3959262e+03
   1.3959262e+03
   1.8399752e+03
  -6.4732957e+02
  -6.4732957e+02
  -1.3583044e+03
  -1.3583044e+03
  -4.3133002e+02
  -4.3133002e+02
  -1.8254159e+03
  -1.8254159e+03
  -1.9642623e+01
  -1.9642623e+01
   1.1771937e+03
   1.1771937e+03
  -5.1636896e+02
  -5.1636896e+02
   6.8816113e+02
   6.8816113e+02
  -1.2048414e+03
  -1.2048414e+03
  -1.5987659e+03
  -1.5987659e+03
   1.7124260e+03
   1.7124260e+03
   1.5149236e+03
   1.5149236e+03
  -1.0268342e+03
  -1.0268342e+03
  -8.2035359e+02
  -8.2035359e+02
   1.0468786e+03
   1.0468786e+03
   8.0304319e+01
   8.0304319e+01
  -2.8454203e+02
  -2.8454203e+02
   1.7904024e+03
   1.7904024e+03
   1.0228866e+03
   1.0228866e+03
   1.0764097e+03
   1.0764097e+03
   1.8489154e+03
   1.8489154e+03
  -1.7976289e+03
  -1.7976289e+03
   9.0625560e+02
   9.0625560e+02
   5.3514327e+02
   5.3514327e+02
  -1.7650759e+03
  -1.7650759e+03
   1.7729212e+03
   1.7729212e+03
  -1.5423544e+03
  -1.5423544e+03
   1.8216886e+03
   1.8216886e+03
   1.4463897e+03
   1.4463897e+03
   1.4532518e+02
   1.4532518e+02
   9.7334408e+02
   9.7334408e+02
   1.1205566e+03
   1.1205566e+03
  -1.5273029e+03
  -1.5273029e+03
   8.4553301e+02
   8.4553301e+02
   4.5419226e+02
   4.5419226e+02
  -1.8572086e+03
  -1.8559142e+03
  -1.8559142e+03
  -1.1034458e+03
  -1.1034458e+03
   6.3220593e+02
   6.3220593e+02
  -1.5838376e+03
  -1.5838376e+03
   1.4294492e+03
   1.4294492e+03
  -7.1192041e+02
  -7.1192041e+02
   1.2905554e+03
   1.2905554e+03
   1.2505503e+03
   1.2505503e+03
   3.6988542e+02
   3.6988542e+02
  -1.8511571e+03
  -1.8511571e+03
   1.0946729e+03
   1.0946729e+03
  -1.6425733e+03
  -1.6425733e+03
  -6.9785064e+02
  -6.9785064e+02
  -1.4835376e+03
  -1.4835376e+03
   1.1658106e+03
   1.1658106e+03
   7.3190655e+02
   7.3190655e+02
   1.8661510e+03
   1.6897532e+03
   1.6897532e+03
  -7.9567377e+01
  -7.9567377e+01
   1.3555959e+03
   1.3555959e+03
   1.8246313e+03
   1.8246313e+03
  -1.8285340e+02
  -1.8285340e+02
  -3.7380437e+02
  -3.7380437e+02
  -1.8456134e+03
  -1.8456134e+03
  -1.8281827e+03
  -1.8281827e+03
   5.1817715e+02
   5.1817715e+02
   1.6177520e+03
   1.6177520e+03
   1.8670680e+03
   1.8670680e+03
  -8.0273849e+02
  -8.0273849e+02
   1.5286561e+03
   1.5286561e+03
  -1.3385114e+03
  -1.3385114e+03
   4.7901344e+01
   4.7901344e+01
   1.8625280e+03
   1.8625280e+03
  -5.6216391e+02
  -5.6216391e+02
  -3.1080540e+02
  -3.1080540e+02
  -1.7173029e+03
  -1.7173029e+03
  -5.3802968e+02
  -5.3802968e+02
  -8.8438025e+02
  -8.8438025e+02
   1.5702974e+03
   1.5702974e+03
  -1.4841561e+03
  -1.4841561e+03
   1.8566318e+03
   1.8566318e+03
  -1.2523588e+03
  -1.2523588e+03
   1.3303320e+03
   1.3303320e+03
  -1.7676402e+03
  -1.7676402e+03
  -1.0182016e+03
  -1.0182016e+03
   7.8672631e+02
   7.8672631e+02
  -1.7479756e+03
  -1.7479756e+03
   2.5868181e+01
   2.5868181e+01
   3.5724517e+02
   3.5724517e+02
   1.8791479e+03
   1.8791479e+03
   1.7705660e+03
   1.7705660e+03
   1.8360508e+03
   1.8360508e+03
  -4.0840911e+02
  -4.0840911e+02
  -1.2957810e+03
  -1.2957810e+03
  -1.6813916e+03
  -1.6813916e+03
  -2.8757105e+02
  -2.8757105e+02
  -8.4080606e+02
  -8.4080606e+02
  -1.1748808e+03
  -1.1748808e+03
   1.8161898e+03
   1.8161898e+03
  -1.8881103e+03
  -1.8881103e+03
   1.6205502e+03
   1.6205502e+03
  -7.8349173e+02
  -7.8349173e+02
  -1.7142181e+03
  -1.7142181e+03
  -1.8847956e+03
  -1.8847956e+03
  -9.7580235e+02
  -9.7580235e+02
  -1.0424820e+03
  -1.0424820e+03
  -1.4488051e+03
  -1.4488051e+03
   6.0054217e+02
   6.0054217e+02
   6.3084941e+00
   6.3084941e+00
   5.8148815e+02
   5.8148815e+02
  -1.6102959e+03
  -1.6102959e+03
  -1.8903637e+03
  -1.8903637e+03
  -1.6243786e+03
  -1.6243786e+03
   1.7273339e+03
   1.7273339e+03
   1.9114890e+02
   1.9114890e+02
   1.3013444e+03
   1.3013444e+03
   1.6759522e+03
   1.6759522e+03
   1.8957128e+03
   1.8957128e+03
  -1.2291185e+03
  -1.2291185e+03
   1.2558117e+03
   1.2558117e+03
   9.1247678e+02
   9.1247678e+02
   1.5056667e+03
   1.5056667e+03
   1.0457912e+03
   1.0457912e+03
   1.9031804e+03
   1.9031804e+03
  -1.8056047e+03
  -1.8056047e+03
  -6.6023996e+02
  -6.6023996e+02
  -1.2963075e+03
  -1.2963075e+03
   1.3285741e+03
   1.3285741e+03
   8.6845993e+02
   8.6845993e+02
  -1.7365877e+03
  -1.7365877e+03
  -2.0013252e+02
  -2.0013252e+02
  -1.5384441e+03
  -1.5384441e+03
  -1.2373532e+03
  -1.2373532e+03
   2.8945805e+02
   2.8945805e+02
   1.8812750e+03
   1.8812750e+03
  -1.1054355e+03
  -1.1054355e+03
  -1.4480962e+03
  -1.4480962e+03
   4.1361723e+02
   4.1361723e+02
   1.3905053e+03
   1.3905053e+03
  -1.8624199e+03
  -1.8624199e+03
   1.1729797e+03
   1.1729797e+03
   1.7439239e+02
   1.7439239e+02
  -1.6040782e+03
  -1.6040782e+03
  -6.2753988e+02
  -6.2753988e+02
  -1.8983903e+03
  -1.8983903e+03
   1.5543060e+03
   1.5543060e+03
  -1.7389689e+03
  -1.7389689e+03
  -1.8507210e+03
  -1.8507210e+03
   1.8223813e+03
   1.8223813e+03
   1.8783987e+03
   1.8783987e+03
  -7.2744071e+01
  -7.2744071e+01
  -8.6805439e+02
  -8.6805439e+02
  -1.8934310e+03
  -1.8934310e+03
  -9.8646858e+01
  -9.8646858e+01
   1.1050170e+03
   1.1050170e+03
   7.0917346e+02
   7.0917346e+02
  -1.7246177e+03
  -1.7246177e+03
   8.7363807e+02
   8.7363807e+02
   2.5116940e+01
   2.5116940e+01
  -1.4347130e+03
  -1.4347130e+03
  -1.5330464e+03
  -1.5330464e+03
  -4.4203389e+02
  -4.4203389e+02
  -9.7403488e+02
  -9.7403488e+02
  -5.3224033e+02
  -5.3224033e+02
  -1.3120229e+02
  -1.3120229e+02
   1.0690466e+03
   1.0690466e+03
  -1.1821892e+03
  -1.1821892e+03
   1.8756189e+03
   1.8756189e+03
  -1.9289465e+03
   1.7973409e+03
   1.7973409e+03
   1.6594445e+03
   1.6594445e+03
   5.5428923e+02
   5.5428923e+02
   2.4483109e+02
   2.4483109e+02
   7.4895848e+02
   7.4895848e+02
  -1.3490935e+03
  -1.3490935e+03
  -7.8816660e+02
  -7.8816660e+02
  -1.4418699e+02
  -1.4418699e+02
  -9.5108573e+02
  -9.5108573e+02
   1.4407010e+03
   1.4407010e+03
  -7.4126090e+02
  -7.4126090e+02
   1.9136271e+03
   1.9136271e+03
   7.0534197e+02
   7.0534197e+02
  -1.9375377e+03
  -1.5730528e+03
  -1.5730528e+03
   1.7364881e+03
   1.7364881e+03
  -1.6896525e+03
  -1.6896525e+03
  -3.6500288e+02
  -3.6500288e+02
   1.4961646e+03
   1.4961646e+03
  -1.9049402e+03
  -1.9049402e+03
   1.7685300e+03
   1.7685300e+03
   1.2610644e+02
   1.2610644e+02
   9.7799165e+02
   9.7799165e+02
   1.7288635e+03
   1.7288635e+03
   2.8059378e+02
   2.8059378e+02
   1.1740750e+03
   1.1740750e+03
   3.2614737e+02
   3.2614737e+02
  -1.9432127e+03
  -4.2837604e+02
  -4.2837604e+02
   4.3005854e+02
   4.3005854e+02
   1.7148416e+03
   1.7148416e+03
  -1.8430163e+03
  -1.8430163e+03
  -1.0475242e+03
  -1.0475242e+03
  -1.9294347e+03
  -1.9294347e+03
  -1.2235919e+03
  -1.2235919e+03
  -1.9459563e+03
  -1.9459563e+03
   1.9130084e+03
   1.9130084e+03
   1.6189010e+02
   1.6189010e+02
  -1.6857762e+03
  -1.6857762e+03
  -1.3181459e+03
  -1.3181459e+03
  -1.5181661e+03
  -1.5181661e+03
   1.7671014e+03
   1.7671014e+03
  -1.4304082e+03
  -1.4304082e+03
   4.6426094e+02
   4.6426094e+02
   6.4533208e+02
   6.4533208e+02
  -1.9441906e+03
  -1.9441906e+03
   8.6336250e+02
   8.6336250e+02
   1.1684712e+03
   1.1684712e+03
   1.1116759e+03
   1.1116759e+03
  -2.0032667e+02
  -2.0032667e+02
  -3.0482935e+02
  -3.0482935e+02
  -3.6853456e+02
  -3.6853456e+02
   1.6497428e+03
   1.6497428e+03
   1.9528238e+03
   1.9528238e+03
   7.7566804e+02
   7.7566804e+02
   3.5220370e+02
   3.5220370e+02
   1.9340358e+03
   1.9340358e+03
   1.2718179e+03
   1.2718179e+03
  -1.1358532e+03
  -1.1358532e+03
   1.9438998e+03
   1.9438998e+03
  -1.9055687e+03
  -1.9055687e+03
  -5.2124746e+02
  -5.2124746e+02
  -1.0860590e+03
  -1.0860590e+03
  -1.8923384e+03
  -1.8923384e+03
  -1.8257966e+03
  -1.8257966e+03
  -1.8310599e+03
  -1.8310599e+03
   1.8774050e+03
   1.8774050e+03
  -1.8711523e+03
  -1.8711523e+03
  -1.8474767e+03
  -1.8474767e+03
   1.8520993e+03
   1.8520993e+03
  -7.1326222e+02
  -7.1326222e+02
   1.8345329e+03
   1.8345329e+03
   8.3511591e+02
   8.3511591e+02
   1.5114309e+03
   1.5114309e+03
   7.1686896e+02
   7.1686896e+02
  -1.4856012e+03
  -1.4856012e+03
   1.4377082e+03
   1.4377082e+03
  -1.2157900e+03
  -1.2157900e+03
   9.8013250e+02
   9.8013250e+02
  -1.8956959e+03
  -1.8956959e+03
  -1.5581380e+03
  -1.5581380e+03
   1.3747006e+02
   1.3747006e+02
  -1.4362966e+03
  -1.4362966e+03
  -6.9854793e+01
  -6.9854793e+01
  -1.9681976e+03
  -1.9681976e+03
   2.1467795e+02
   2.1467795e+02
  -1.7848626e+03
  -1.7848626e+03
  -1.9625252e+03
  -1.9625252e+03
   1.6098213e+03
   1.6098213e+03
  -1.7737905e+03
  -1.7737905e+03
   1.3665992e+03
   1.3665992e+03
  -1.9299221e+03
  -1.9299221e+03
  -1.3799342e+03
  -1.3799342e+03
   1.5515436e+03
   1.5515436e+03
   6.4611366e+02
   6.4611366e+02
  -1.7130983e+03
  -1.7130983e+03
   1.6957867e+03
   1.6957867e+03
  -5.3806324e+02
  -5.3806324e+02
   1.0383941e+03
   1.0383941e+03
  -2.8464012e+02
  -2.8464012e+02
  -2.3247096e+02
  -2.3247096e+02
   1.9775830e+03
   1.9775830e+03
   1.8364166e+03
   1.8364166e+03
   1.9336366e+03
   1.9336366e+03
   1.0853477e+03
   1.0853477e+03
   1.6663644e+03
   1.6663644e+03
   5.8125195e+02
   5.8125195e+02
  -6.0654619e+02
  -6.0654619e+02
   1.9304258e+03
   1.9304258e+03
   9.4492699e+02
   9.4492699e+02
  -8.6328487e+02
  -8.6328487e+02
  -1.7555197e+03
  -1.7555197e+03
   1.8179566e+03
   1.8179566e+03
   1.3238617e+03
   1.3238617e+03
  -1.9547932e+03
  -1.9547932e+03
  -9.9490650e+02
  -9.9490650e+02
   1.4171169e+03
   1.4171169e+03
   1.3008101e+03
   1.3008101e+03
   1.9710205e+03
   1.9710205e+03
  -1.9232503e+03
  -1.9232503e+03
   1.8923789e+03
   1.8923789e+03
   1.7351974e+03
   1.7351974e+03
  -1.6587363e+03
  -1.6587363e+03
  -1.7040237e+03
  -1.7040237e+03
   7.2716199e+01
   7.2716199e+01
  -1.3498847e+03
  -1.3498847e+03
  -6.9643435e+02
  -6.9643435e+02
   1.0899829e+02
   1.0899829e+02
  -1.1411953e+03
  -1.1411953e+03
   1.9843559e+03
   1.9843559e+03
  -6.5579005e+02
  -6.5579005e+02
  -4.3921962e+02
  -4.3921962e+02
  -9.3230497e+02
  -9.3230497e+02
   1.9509253e+03
   1.9509253e+03
  -1.0943806e+03
  -1.0943806e+03
   1.9684764e+03
   1.9684764e+03
   1.4606453e+03
   1.4606453e+03
   3.1058412e+02
   3.1058412e+02
   1.9845321e+03
   1.9845321e+03
   4.6993532e+02
   4.6993532e+02
  -1.2163948e+03
  -1.2163948e+03
   1.8797486e+03
   1.8797486e+03
  -1.8420746e+03
  -1.8420746e+03
   1.9939967e+03
  -1.9586445e+03
  -1.9586445e+03
  -1.5989540e+03
  -1.5989540e+03
   4.3651105e+02
   4.3651105e+02
  -7.3468712e+02
  -7.3468712e+02
  -1.3092603e+03
  -1.3092603e+03
  -1.9942721e+03
  -1.9942721e+03
   1.6170259e+03
   1.6170259e+03
   1.3545711e+03
   1.3545711e+03
  -1.9806994e+03
  -1.9806994e+03
   2.7864638e+02
   2.7864638e+02
  -1.2596369e+02
  -1.2596369e+02
  -1.8748228e+03
  -1.8748228e+03
  -1.5326499e+03
  -1.5326499e+03
   1.9840163e+03
   1.9840163e+03
   1.7830462e+03
   1.7830462e+03
  -1.2876783e+03
  -1.2876783e+03
  -8.5938019e+02
  -8.5938019e+02
   8.7018466e+02
   8.7018466e+02
  -3.4634845e+02
  -3.4634845e+02
   1.6715442e+03
   1.6715442e+03
   1.8369161e+03
   1.8369161e+03
  -2.8559872e+02
  -2.8559872e+02
  -1.1980877e+03
  -1.1980877e+03
  -6.8178637e+01
  -6.8178637e+01
  -6.3480532e+02
  -6.3480532e+02
   5.4800747e+02
   5.4800747e+02
   1.2737122e+03
   1.2737122e+03
  -1.5804865e+03
  -1.5804865e+03
  -4.5167501e+02
  -4.5167501e+02
  -1.0693891e+03
  -1.0693891e+03
  -9.5658654e+02
  -9.5658654e+02
   7.9550354e+02
   7.9550354e+02
   3.5948996e+02
   3.5948996e+02
  -1.4486328e+03
  -1.4486328e+03
   1.9453189e+03
   1.9453189e+03
   1.9404016e+03
   1.9404016e+03
   1.8947569e+03
   1.8947569e+03
  -2.3828217e+02
  -2.3828217e+02
  -1.9810283e+03
  -1.9810283e+03
   7.2352747e+01
   7.2352747e+01
  -1.9495402e+03
  -1.9495402e+03
   1.0939235e+03
   1.0939235e+03
  -7.3494775e+02
  -7.3494775e+02
   6.1425161e+02
   6.1425161e+02
  -4.9977807e+02
  -4.9977807e+02
   1.8383798e+02
   1.8383798e+02
  -5.5336649e+02
  -5.5336649e+02
   1.5932709e+03
   1.5932709e+03
   6.7660866e+02
   6.7660866e+02
   4.5036869e+02
   4.5036869e+02
   1.4690801e+03
   1.4690801e+03
  -1.6418104e+03
  -1.6418104e+03
   4.4516364e+01
   4.4516364e+01
  -1.9217556e+03
  -1.9217556e+03
  -2.0239321e+03
   5.0575941e+02
   5.0575941e+02
  -1.4121438e+03
  -1.4121438e+03
  -2.0138521e+03
  -2.0138521e+03
  -1.5373099e+03
  -1.5373099e+03
   1.0350587e+03
   1.0350587e+03
   1.5526702e+03
   1.5526702e+03
   9.8325093e+02
   9.8325093e+02
   1.4466837e+03
   1.4466837e+03
  -2.0212299e+03
  -2.0212299e+03
   2.0268690e+03
   2.0268690e+03
  -1.5181711e+03
  -1.5181711e+03
   1.6814823e+03
   1.6814823e+03
   9.3390840e+02
   9.3390840e+02
   1.9184287e+03
   1.9184287e+03
   1.2292585e+03
   1.2292585e+03
   1.4540207e+03
   1.4540207e+03
   1.7838893e+03
   1.7838893e+03
   1.1651505e+03
   1.1651505e+03
  -1.7564711e+03
  -1.7564711e+03
   1.8434494e+03
   1.8434494e+03
  -1.9465831e+03
  -1.9465831e+03
  -8.2214240e+02
  -8.2214240e+02
  -2.0320742e+03
   1.3205922e+03
   1.3205922e+03
   1.6454341e+03
   1.6454341e+03
  -1.8000000e+03
  -1.8000000e+03
  -1.9404912e+03
  -1.9404912e+03
   1.9530052e+03
   1.9530052e+03
   1.9817586e+03
   1.9817586e+03
  -1.0242880e+03
  -1.0242880e+03
   2.0374958e+03
   2.0374958e+03
  -1.3636946e+03
  -1.3636946e+03
  -1.8339025e+03
  -1.8339025e+03
  -1.8549212e+03
  -1.8549212e+03
   1.7532210e+03
   1.7532210e+03
   1.5394625e+03
   1.5394625e+03
  -1.6837258e+03
  -1.6837258e+03
  -1.8835071e+03
  -1.8835071e+03
  -1.9916628e+03
  -1.9916628e+03
  -1.5377142e+02
  -1.5377142e+02
  -4.0249188e+02
  -4.0249188e+02
  -1.8200999e+03
  -1.8200999e+03
   1.6656243e+03
   1.6656243e+03
   1.5628523e+03
   1.5628523e+03
  -4.6817765e+02
  -4.6817765e+02
  -1.1953806e+03
  -1.1953806e+03
  -9.5153090e+02
  -9.5153090e+02
  -1.6044005e+03
  -1.6044005e+03
  -1.5651977e+03
  -1.5651977e+03
   7.9095585e+02
   7.9095585e+02
   1.0540652e+03
   1.0540652e+03
  -8.6521923e+02
  -8.6521923e+02
   2.3212176e+00
   2.3212176e+00
   8.9532661e+02
   8.9532661e+02
   2.0430682e+03
   2.0430682e+03
  -1.0784169e+03
  -1.0784169e+03
   1.3007299e+03
   1.3007299e+03
   5.8528182e+02
   5.8528182e+02
   6.9256965e+02
   6.9256965e+02
  -2.0500039e+03
  -2.0500039e+03
  -1.4920481e+03
  -1.4920481e+03
   1.7805759e+03
   1.7805759e+03
   1.0912912e+03
   1.0912912e+03
  -1.2829040e+03
  -1.2829040e+03
  -1.3373108e+03
  -1.3373108e+03
   1.5820356e+02
   1.5820356e+02
  -2.0519718e+03
  -2.0519718e+03
  -2.0316543e+03
  -2.0316543e+03
   1.8580390e+03
   1.8580390e+03
   2.0230281e+03
   2.0230281e+03
   3.1881462e+02
   3.1881462e+02
   6.1699169e+02
   6.1699169e+02
  -5.1071463e+02
  -5.1071463e+02
  -2.0057594e+03
  -2.0057594e+03
  -1.7547464e+03
  -1.7547464e+03
   1.4151575e+03
   1.4151575e+03
  -1.6923875e+03
  -1.6923875e+03
  -5.5557600e+01
  -5.5557600e+01
  -1.9140504e+03
  -1.9140504e+03
  -1.6496605e+02
  -1.6496605e+02
   1.8773186e+03
   1.8773186e+03
  -1.7340041e+03
  -1.7340041e+03
   6.3204309e+01
   6.3204309e+01
  -7.8692023e+02
  -7.8692023e+02
  -2.0652703e+03
  -2.0652703e+03
  -2.0349613e+03
  -2.0349613e+03
  -3.4047228e+02
  -3.4047228e+02
   1.6244854e+03
   1.6244854e+03
  -4.2124942e+02
  -4.2124942e+02
  -1.9283451e+03
  -1.9283451e+03
   1.9681568e+03
   1.9681568e+03
   2.0538333e+03
   2.0538333e+03
   2.0699653e+03
  -1.1509699e+03
  -1.1509699e+03
   8.4122072e+02
   8.4122072e+02
  -1.9974141e+03
  -1.9974141e+03
   2.0630622e+03
   2.0630622e+03
   1.9155742e+03
   1.9155742e+03
  -2.0729919e+03
  -2.0729919e+03
   3.5898892e+02
   3.5898892e+02
   7.4515028e+02
   7.4515028e+02
   1.0076220e+03
   1.0076220e+03
   1.8341188e+03
   1.8341188e+03
   5.6338731e+02
   5.6338731e+02
   6.3874523e+00
   6.3874523e+00
  -1.5569812e+03
  -1.5569812e+03
  -1.4031006e+03
  -1.4031006e+03
  -2.3371880e+02
  -2.3371880e+02
  -1.5103213e+03
  -1.5103213e+03
   1.3068670e+03
   1.3068670e+03
  -1.6846524e+03
  -1.6846524e+03
  -6.2340038e+02
  -6.2340038e+02
  -7.5149964e+02
  -7.5149964e+02
   1.1618737e+03
   1.1618737e+03
  -1.9620359e+03
  -1.9620359e+03
  -2.0679895e+03
  -2.0679895e+03
  -3.4046693e+02
  -3.4046693e+02
   2.0275600e+03
   2.0275600e+03
   1.2218068e+03
   1.2218068e+03
   2.0714007e+03
   2.0714007e+03
  -6.6491155e+02
  -6.6491155e+02
   2.0087087e+03
   2.0087087e+03
  -1.9112917e+03
  -1.9112917e+03
  -1.9365674e+03
  -1.9365674e+03
  -2.0689348e+03
  -2.0689348e+03
  -7.7970676e+02
  -7.7970676e+02
   2.0561338e+03
   2.0561338e+03
  -1.8080699e+03
  -1.8080699e+03
   1.9048528e+03
   1.9048528e+03
   2.9034943e+02
   2.9034943e+02
   2.3425465e+02
   2.3425465e+02
   1.6182580e+03
   1.6182580e+03
   1.9921327e+03
   1.9921327e+03
  -1.0550845e+03
  -1.0550845e+03
  -8.9372410e+02
  -8.9372410e+02
   2.0457741e+03
   2.0457741e+03
  -1.0347697e+03
  -1.0347697e+03
  -1.8724402e+03
  -1.8724402e+03
   1.8364335e+03
   1.8364335e+03
  -1.7782727e+03
  -1.7782727e+03
  -1.7999948e+03
  -1.7999948e+03
  -1.9894565e+03
  -1.9894565e+03
   1.7587934e+03
   1.7587934e+03
  -1.2077064e+03
  -1.2077064e+03
   1.5066933e+03
   1.5066933e+03
   4.5459899e+02
   4.5459899e+02
  -9.5406371e+02
  -9.5406371e+02
   2.0965789e+03
   2.0965789e+03
   1.2024244e+02
   1.2024244e+02
  -1.2546156e+03
  -1.2546156e+03
   1.3678979e+03
   1.3678979e+03
   1.9774699e+03
   1.9774699e+03
   1.9596555e+03
   1.9596555e+03
  -9.8447672e+02
  -9.8447672e+02
   1.7910264e+03
   1.7910264e+03
  -1.4301972e+03
  -1.4301972e+03
  -1.6045760e+03
  -1.6045760e+03
   9.7932247e+02
   9.7932247e+02
  -2.0286626e+03
  -2.0286626e+03
   1.6459036e+03
   1.6459036e+03
  -2.5058725e+02
  -2.5058725e+02
   1.0776241e+03
   1.0776241e+03
  -2.0936336e+03
  -2.0936336e+03
   1.2720920e+03
   1.2720920e+03
  -1.4885109e+03
  -1.4885109e+03
   9.4386823e+02
   9.4386823e+02
  -1.3183010e+03
  -1.3183010e+03
   8.0060063e+02
   8.0060063e+02
   1.7168059e+03
   1.7168059e+03
  -2.0654388e+03
  -2.0654388e+03
  -1.1704540e+03
  -1.1704540e+03
  -5.0899477e+02
  -5.0899477e+02
   8.2687736e+02
   8.2687736e+02
  -1.5035458e+02
  -1.5035458e+02
  -1.8931607e+03
  -1.8931607e+03
   2.0804165e+03
   2.0804165e+03
   5.2781205e+02
   5.2781205e+02
   1.9112514e+03
   1.9112514e+03
   4.4727723e+02
   4.4727723e+02
   1.2316110e+03
   1.2316110e+03
   2.1100010e+03
   2.1100010e+03
  -8.1400926e+02
  -8.1400926e+02
   9.1058021e+02
   9.1058021e+02
   2.1305137e+02
   2.1305137e+02
  -4.6322381e+02
  -4.6322381e+02
  -2.1101827e+03
  -2.1101827e+03
  -2.0804188e+03
  -2.0804188e+03
  -2.0018466e+03
  -2.0018466e+03
  -1.7440571e+03
  -1.7440571e+03
  -1.5230352e+03
  -1.5230352e+03
  -1.1109609e+03
  -1.1109609e+03
  -6.4509959e+02
  -6.4509959e+02
   1.9386580e+03
   1.9386580e+03
  -2.0142557e+03
  -2.0142557e+03
   2.1207851e+03
   1.7800654e+03
   1.7800654e+03
  -1.7748133e+03
  -1.7748133e+03
  -1.9202409e+03
  -1.9202409e+03
  -1.0539905e+03
  -1.0539905e+03
   2.0593730e+03
   2.0593730e+03
   7.2675846e+02
   7.2675846e+02
   1.5880549e+03
   1.5880549e+03
  -2.1252162e+03
  -1.8169123e+03
  -1.8169123e+03
   5.6756531e+01
   5.6756531e+01
  -2.8196909e+01
  -2.8196909e+01
  -1.5933174e+03
  -1.5933174e+03
  -2.1173731e+03
  -2.1173731e+03
   2.0746349e+03
   2.0746349e+03
   2.0354171e+03
   2.0354171e+03
  -1.8753837e+03
  -1.8753837e+03
   1.5521961e+03
   1.5521961e+03
  -1.4555909e+03
  -1.4555909e+03
  -5.3462022e+02
  -5.3462022e+02
  -1.6299140e+03
  -1.6299140e+03
   1.4253597e+03
   1.4253597e+03
   1.1990731e+03
   1.1990731e+03
   1.3544425e+03
   1.3544425e+03
   2.1008041e+03
   2.1008041e+03
  -3.8944240e+02
  -3.8944240e+02
   1.9780231e+03
   1.9780231e+03
  -2.0565168e+03
  -2.0565168e+03
   2.1223205e+03
   2.1223205e+03
  -5.9478663e+02
  -5.9478663e+02
  -8.7992200e+02
  -8.7992200e+02
   1.1461097e+03
   1.1461097e+03
  -9.5082570e+01
  -9.5082570e+01
  -2.0083584e+03
  -2.0083584e+03
   2.7466077e+02
   2.7466077e+02
  -1.3895925e+03
  -1.3895925e+03
  -1.8702288e+02
  -1.8702288e+02
   8.8709951e+02
   8.8709951e+02
   1.6913675e+03
   1.6913675e+03
   2.1225443e+03
   2.1225443e+03
   1.6138727e+03
   1.6138727e+03
   3.0289970e+02
   3.0289970e+02
   1.9709918e+03
   1.9709918e+03
  -2.1350473e+03
  -2.1350473e+03
  -9.3578419e+02
  -9.3578419e+02
   1.0573794e+03
   1.0573794e+03
  -1.4334416e+03
  -1.4334416e+03
   1.6108823e+03
   1.6108823e+03
   1.1185592e+03
   1.1185592e+03
  -4.4892492e+02
  -4.4892492e+02
   1.4940271e+03
   1.4940271e+03
   2.1356806e+03
   2.1356806e+03
  -2.5809387e+02
  -2.5809387e+02
   1.4727939e+03
   1.4727939e+03
  -1.7284962e+03
  -1.7284962e+03
   1.8620507e+03
   1.8620507e+03
  -1.5532321e+03
  -1.5532321e+03
  -2.1325920e+03
  -2.1325920e+03
   5.9693078e+02
   5.9693078e+02
  -2.1373379e+03
  -2.1373379e+03
   1.7723730e+03
   1.7723730e+03
   3.9933107e+02
   3.9933107e+02
  -7.0550943e+02
  -7.0550943e+02
  -1.8712951e+03
  -1.8712951e+03
   2.1203795e+03
   2.1203795e+03
  -1.2952260e+03
  -1.2952260e+03
   1.9385221e+03
   1.9385221e+03
  -1.1467714e+03
  -1.1467714e+03
   1.7592019e+03
   1.7592019e+03
  -2.0648739e+03
  -2.0648739e+03
   1.9277882e+03
   1.9277882e+03
   1.9129295e+03
   1.9129295e+03
   2.1634088e+02
   2.1634088e+02
   7.2311449e+02
   7.2311449e+02
   2.0429121e+03
   2.0429121e+03
   7.7577153e+02
   7.7577153e+02
  -2.9172816e+01
  -2.9172816e+01
   8.8610640e+02
   8.8610640e+02
   6.4372036e+02
   6.4372036e+02
   2.1459511e+03
   2.1459511e+03
  -1.0179165e+03
  -1.0179165e+03
  -7.9268031e+02
  -7.9268031e+02
  -1.6908375e+03
  -1.6908375e+03
  -2.1514124e+03
  -2.1514124e+03
  -1.2883801e+03
  -1.2883801e+03
  -1.2017516e+03
  -1.2017516e+03
  -2.1160854e+03
  -2.1160854e+03
   9.3507635e+02
   9.3507635e+02
   2.0379590e+03
   2.0379590e+03
   2.1555905e+03
   2.1555905e+03
   1.4268537e+03
   1.4268537e+03
   1.4792111e+03
   1.4792111e+03
  -5.2472263e+02
  -5.2472263e+02
  -1.9366506e+02
  -1.9366506e+02
   1.8702731e+03
   1.8702731e+03
  -1.4161018e+03
  -1.4161018e+03
  -2.0254297e+03
  -2.0254297e+03
   6.1154598e+02
   6.1154598e+02
  -8.8296611e+02
  -8.8296611e+02
   1.1892085e+02
   1.1892085e+02
   7.1660419e+01
   7.1660419e+01
   2.1489484e+03
   2.1489484e+03
   2.1643695e+03
   2.1643695e+03
   1.2721585e+03
   1.2721585e+03
   1.9026748e+03
   1.9026748e+03
   5.4859325e+02
   5.4859325e+02
   2.1300323e+03
   2.1300323e+03
  -1.3510813e+03
  -1.3510813e+03
  -1.8604951e+03
  -1.8604951e+03
   1.9041428e+01
   1.9041428e+01
   2.1289552e+03
   2.1289552e+03
  -1.1090396e+03
  -1.1090396e+03
  -4.7981033e+02
  -4.7981033e+02
   3.1140955e+02
   3.1140955e+02
   1.5746989e+03
   1.5746989e+03
   2.0754767e+03
   2.0754767e+03
  -1.5994955e+03
  -1.5994955e+03
   1.6786252e+03
   1.6786252e+03
  -1.9589999e+03
  -1.9589999e+03
   4.2941713e+02
   4.2941713e+02
  -7.0577902e+02
  -7.0577902e+02
  -1.9923463e+03
  -1.9923463e+03
   1.3380030e+03
   1.3380030e+03
  -8.4529272e+02
  -8.4529272e+02
   1.8688126e+03
   1.8688126e+03
  -3.6652439e+02
  -3.6652439e+02
   1.1033372e+03
   1.1033372e+03
   2.1126323e+03
   2.1126323e+03
   1.0126101e+03
   1.0126101e+03
   1.4404560e+03
   1.4404560e+03
   9.1106298e+02
   9.1106298e+02
   1.8660531e+02
   1.8660531e+02
  -2.1130678e+03
  -2.1130678e+03
   2.1006290e+03
   2.1006290e+03
  -1.9329890e+03
  -1.9329890e+03
  -7.4049846e+02
  -7.4049846e+02
   1.5559382e+03
   1.5559382e+03
  -1.5390832e+03
  -1.5390832e+03
  -3.1690435e+02
  -3.1690435e+02
  -2.1504587e+03
  -2.1504587e+03
   1.4672090e+03
   1.4672090e+03
   2.0569197e+03
   2.0569197e+03
  -1.2773888e+03
  -1.2773888e+03
  -1.3411147e+03
  -1.3411147e+03
   1.7452542e+03
   1.7452542e+03
  -1.1774317e+03
  -1.1774317e+03
   1.6409272e+03
   1.6409272e+03
  -1.6934330e+02
  -1.6934330e+02
   2.1767921e+03
   2.1767921e+03
   1.8908468e+03
   1.8908468e+03
   2.1341719e+03
   2.1341719e+03
  -1.5075260e+03
  -1.5075260e+03
   4.7207183e+02
   4.7207183e+02
   1.2122140e+03
   1.2122140e+03
  -2.0218363e+03
  -2.0218363e+03
  -2.1748076e+03
  -2.1748076e+03
  -2.1341217e+01
  -2.1341217e+01
   1.8412317e+03
   1.8412317e+03
   1.2781747e+03
   1.2781747e+03
   7.1380042e+02
   7.1380042e+02
   1.7327699e+03
   1.7327699e+03
   6.6141460e+02
   6.6141460e+02
  -6.3910959e+02
  -6.3910959e+02
   1.3796178e+03
   1.3796178e+03
  -1.7883032e+03
  -1.7883032e+03
   4.0176130e+02
   4.0176130e+02
  -1.8605606e+03
  -1.8605606e+03
  -1.7264411e+03
  -1.7264411e+03
   5.6812855e+02
   5.6812855e+02
   2.1729218e+03
   2.1729218e+03
   8.4582658e+02
   8.4582658e+02
  -9.9177526e+02
  -9.9177526e+02
  -6.7719950e+02
  -6.7719950e+02
  -1.6908040e+03
  -1.6908040e+03
   9.9180255e+02
   9.9180255e+02
  -4.3252688e+02
  -4.3252688e+02
   1.8018975e+03
   1.8018975e+03
   1.9543298e+03
   1.9543298e+03
   1.8593814e+03
   1.8593814e+03
   8.2472134e+02
   8.2472134e+02
   2.1986193e+03
   2.1986193e+03
  -2.7156666e+02
  -2.7156666e+02
   2.1139567e+03
   2.1139567e+03
   1.0405796e+03
   1.0405796e+03
   2.1011787e+03
   2.1011787e+03
   9.2219560e+01
   9.2219560e+01
   2.0578601e+03
   2.0578601e+03
   1.9908671e+03
   1.9908671e+03
   1.5980417e+03
   1.5980417e+03
   1.6894328e+03
   1.6894328e+03
   2.2109197e+03
   1.0989010e+03
   1.0989010e+03
  -2.1193851e+03
  -2.1193851e+03
  -3.9431851e+02
  -3.9431851e+02
   1.3130191e+03
   1.3130191e+03
   1.4212882e+03
   1.4212882e+03
  -1.0483677e+03
  -1.0483677e+03
  -9.6394902e+02
  -9.6394902e+02
  -1.5106810e+02
  -1.5106810e+02
   1.1612283e+03
   1.1612283e+03
   2.0770819e+03
   2.0770819e+03
  -8.5913026e+01
  -8.5913026e+01
   2.0341494e+03
   2.0341494e+03
   3.8043949e+02
   3.8043949e+02
   1.0751904e+03
   1.0751904e+03
   2.9073707e+02
   2.9073707e+02
   1.4339497e+03
   1.4339497e+03
   7.0314783e+02
   7.0314783e+02
   2.2047701e+03
   2.2047701e+03
   2.2203858e+03
   2.2203858e+03
   2.1828677e+03
   2.1828677e+03
   1.4645266e+02
   1.4645266e+02
   1.9537158e+03
   1.9537158e+03
   8.0535390e+02
   8.0535390e+02
   2.2013394e+03
   2.2013394e+03
   1.7613510e+03
   1.7613510e+03
   2.1507603e+02
   2.1507603e+02
   2.2296635e+03
   2.2296635e+03
   8.2631492e+02
   8.2631492e+02
   1.8587069e+03
   1.8587069e+03
   1.5901236e+03
   1.5901236e+03
   1.2260240e+03
   1.2260240e+03
   1.9271526e+03
   1.9271526e+03
  -2.1941064e+01
  -2.1941064e+01
   6.3148711e+02
   6.3148711e+02
   4.8748075e+02
   4.8748075e+02
   2.2001662e+03
   2.2001662e+03
   1.7491609e+03
   1.7491609e+03
   1.8256133e+03
   1.8256133e+03
   2.2430960e+03
   2.2430960e+03
  -5.5218979e+02
  -5.5218979e+02
   1.5599671e+03
   1.5599671e+03
   1.0294829e+03
   1.0294829e+03
   2.1751739e+03
   2.1751739e+03
   1.3815728e+03
   1.3815728e+03
   2.1672969e+03
   2.1672969e+03
   1.5405290e+03
   1.5405290e+03
   1.6897069e+03
   1.6897069e+03
   1.1715205e+03
   1.1715205e+03
   2.0287681e+03
   2.0287681e+03
   1.9870764e+03
   1.9870764e+03
   2.2495296e+03
   2.2495296e+03
   1.6242046e+03
   1.6242046e+03
   1.2579343e+03
   1.2579343e+03
   2.0676655e+03
   2.0676655e+03
   1.8646809e+03
   1.8646809e+03
   2.1612962e+03
   2.1612962e+03
   2.2451578e+03
   2.2451578e+03
   2.1419350e+03
   2.1419350e+03
   1.8001585e+03
   1.8001585e+03
   2.0189969e+03
   2.0189969e+03
   2.2229992e+03
   2.2229992e+03
   2.2813226e+03
   2.2813226e+03
   2.2919653e+03
   2.1319846e+03
   2.1319846e+03
   2.2899289e+03
   2.2899289e+03
